5.299999713897705078e-01,5.000000074505805969e-02,4.499999880790710449e-01,-3.870778903365135193e-02,7.174667716026306152e-01,5.585424974560737610e-02,9.987767338752746582e-01,1.550308428704738617e-02,4.695391282439231873e-02,0.000000000000000000e+00,9.302561879158020020e-01,-2.534625530242919922e-01,2.652925252914428711e-01,0.000000000000000000e+00,7.226388454437255859e-01,-4.903991222381591797e-01,4.871363043785095215e-01,0.000000000000000000e+00,2.185447216033935547e-01,2.665618062019348145e-01,-9.387134909629821777e-01,0.000000000000000000e+00,3.481943607330322266e-01,4.201442301273345947e-01,8.379973173141479492e-01,0.000000000000000000e+00,6.502423882484436035e-01,-2.657817006111145020e-01,7.117196917533874512e-01,0.000000000000000000e+00,7.207316160202026367e-01,3.461872339248657227e-01,6.005833745002746582e-01,0.000000000000000000e+00
5.299999713897705078e-01,5.000000074505805969e-02,4.499999880790710449e-01,-3.841175884008407593e-02,7.174469232559204102e-01,5.577285215258598328e-02,9.987613558769226074e-01,1.537517458200454712e-02,4.732228070497512817e-02,0.000000000000000000e+00,9.307613372802734375e-01,-2.522135078907012939e-01,2.647105455398559570e-01,0.000000000000000000e+00,7.223093509674072266e-01,-4.897958636283874512e-01,4.882307350635528564e-01,0.000000000000000000e+00,2.196892201900482178e-01,2.617099583148956299e-01,-9.398109316825866699e-01,0.000000000000000000e+00,3.488982617855072021e-01,4.205806255340576172e-01,8.374854922294616699e-01,0.000000000000000000e+00,6.487317681312561035e-01,-2.693762481212615967e-01,7.117468714714050293e-01,0.000000000000000000e+00,7.217455506324768066e-01,3.489474356174468994e-01,5.977616906166076660e-01,0.000000000000000000e+00
5.299999713897705078e-01,5.000000074505805969e-02,4.499999880790710449e-01,-3.813161700963973999e-02,7.174043059349060059e-01,5.573409795761108398e-02,9.987440109252929688e-01,1.521857455372810364e-02,4.773735627532005310e-02,0.000000000000000000e+00,9.314137101173400879e-01,-2.505140900611877441e-01,2.640286982059478760e-01,0.000000000000000000e+00,7.219843864440917969e-01,-4.890585839748382568e-01,4.894489049911499023e-01,0.000000000000000000e+00,2.205485403537750244e-01,2.566233277320861816e-01,-9.410116076469421387e-01,0.000000000000000000e+00,3.498078584671020508e-01,4.209624826908111572e-01,8.369140028953552246e-01,0.000000000000000000e+00,6.468009948730468750e-01,-2.735702693462371826e-01,7.119042873382568359e-01,0.000000000000000000e+00,7.233042716979980469e-01,3.519435226917266846e-01,5.941100120544433594e-01,0.000000000000000000e+00
5.299999713897705078e-01,5.000000074505805969e-02,4.499999880790710449e-01,-3.785980120301246643e-02,7.173629403114318848e-01,5.569649115204811096e-02,9.987245202064514160e-01,1.503188814967870712e-02,4.820171743631362915e-02,0.000000000000000000e+00,9.321137070655822754e-01,-2.486460804939270020e-01,2.633233964443206787e-01,0.000000000000000000e+00,7.216750383377075195e-01,-4.882631599903106689e-01,4.906976819038391113e-01,0.000000000000000000e+00,2.211561650037765503e-01,2.512789666652679443e-01,-9.423103928565979004e-01,0.000000000000000000e+00,3.509096205234527588e-01,4.212917387485504150e-01,8.362868428230285645e-01,0.000000000000000000e+00,6.447791457176208496e-01,-2.779504060745239258e-01,7.120417356491088867e-01,0.000000000000000000e+00,7.250130176544189453e-01,3.550262451171875000e-01,5.901800394058227539e-01,0.000000000000000000e+00
5.299999713897705078e-01,5.000000074505805969e-02,4.499999880790710449e-01,-3.756511956453323364e-02,7.173365354537963867e-01,5.565175041556358337e-02,9.987050890922546387e-01,1.485008466988801956e-02,4.865875095129013062e-02,0.000000000000000000e+00,9.327918291091918945e-01,-2.468224912881851196e-01,2.626368105411529541e-01,0.000000000000000000e+00,7.213796377182006836e-01,-4.874759018421173096e-01,4.919132590293884277e-01,0.000000000000000000e+00,2.216579020023345947e-01,2.459699660539627075e-01,-9.435923695564270020e-01,0.000000000000000000e+00,3.519306182861328125e-01,4.216719567775726318e-01,8.356659412384033203e-01,0.000000000000000000e+00,6.428610682487487793e-01,-2.821515202522277832e-01,7.121237516403198242e-01,0.000000000000000000e+00,7.266272306442260742e-01,3.580497503280639648e-01,5.863559246063232422e-01,0.000000000000000000e+00
5.299999713897705078e-01,5.000000074505805969e-02,4.499999880790710449e-01,-3.710493445396423340e-02,7.173385024070739746e-01,5.557258427143096924e-02,9.986779093742370605e-01,1.464944891631603241e-02,4.927276447415351868e-02,0.000000000000000000e+00,9.338661432266235352e-01,-2.440139353275299072e-01,2.614407241344451904e-01,0.000000000000000000e+00,7.208592295646667480e-01,-4.864143729209899902e-01,4.937236309051513672e-01,0.000000000000000000e+00,2.221218198537826538e-01,2.377781867980957031e-01,-9.455810189247131348e-01,0.000000000000000000e+00,3.536444902420043945e-01,4.229272603988647461e-01,8.343069553375244141e-01,0.000000000000000000e+00,6.394296884536743164e-01,-2.873488962650299072e-01,7.131341099739074707e-01,0.000000000000000000e+00,7.295994162559509277e-01,3.619151115417480469e-01,5.802604556083679199e-01,0.000000000000000000e+00
5.299999713897705078e-01,5.000000074505805969e-02,4.499999880790710449e-01,-3.677173331379890442e-02,7.173399329185485840e-01,5.551526695489883423e-02,9.986575841903686523e-01,1.451210025697946548e-02,4.972339794039726257e-02,0.000000000000000000e+00,9.346753954887390137e-01,-2.418908923864364624e-01,2.605200409889221191e-01,0.000000000000000000e+00,7.204667925834655762e-01,-4.856186211109161377e-01,4.950779080390930176e-01,0.000000000000000000e+00,2.223830968141555786e-01,2.315125316381454468e-01,-9.470732212066650391e-01,0.000000000000000000e+00,3.548662960529327393e-01,4.240364134311676025e-01,8.332244753837585449e-01,0.000000000000000000e+00,6.368591189384460449e-01,-2.910137474536895752e-01,7.139478325843811035e-01,0.000000000000000000e+00,7.318294644355773926e-01,3.647550940513610840e-01,5.756556391716003418e-01,0.000000000000000000e+00
5.299999713897705078e-01,5.000000074505805969e-02,4.499999880790710449e-01,-3.640576452016830444e-02,7.173767089843750000e-01,5.544357746839523315e-02,9.986364841461181641e-01,1.439180318266153336e-02,5.018014460802078247e-02,0.000000000000000000e+00,9.354842305183410645e-01,-2.397366762161254883e-01,2.596066594123840332e-01,0.000000000000000000e+00,7.200945019721984863e-01,-4.847076535224914551e-01,4.965102374553680420e-01,0.000000000000000000e+00,2.226756662130355835e-01,2.250738590955734253e-01,-9.485553503036499023e-01,0.000000000000000000e+00,3.560985624790191650e-01,4.251504540443420410e-01,8.321303129196166992e-01,0.000000000000000000e+00,6.342779994010925293e-01,-2.943421900272369385e-01,7.148804664611816406e-01,0.000000000000000000e+00,7.340123653411865234e-01,3.675779402256011963e-01,5.710624456405639648e-01,0.000000000000000000e+00
5.299999713897705078e-01,5.000000074505805969e-02,4.499999880790710449e-01,-3.602965176105499268e-02,7.174298763275146484e-01,5.536609515547752380e-02,9.986124634742736816e-01,1.431210990995168686e-02,5.067899450659751892e-02,0.000000000000000000e+00,9.363688826560974121e-01,-2.373354136943817139e-01,2.586217224597930908e-01,0.000000000000000000e+00,7.197191119194030762e-01,-4.834601581096649170e-01,4.982677102088928223e-01,0.000000000000000000e+00,2.231273949146270752e-01,2.178220301866531372e-01,-9.501408934593200684e-01,0.000000000000000000e+00,3.576363921165466309e-01,4.263061583042144775e-01,8.308786153793334961e-01,0.000000000000000000e+00,6.312484741210937500e-01,-2.970160543918609619e-01,7.164543271064758301e-01,0.000000000000000000e+00,7.364467978477478027e-01,3.704127967357635498e-01,5.660746693611145020e-01,0.000000000000000000e+00
5.299999713897705078e-01,5.000000074505805969e-02,4.499999880790710449e-01,-3.566471114754676819e-02,7.174814343452453613e-01,5.529091879725456238e-02,9.985881447792053223e-01,1.424243021756410599e-02,5.117451027035713196e-02,0.000000000000000000e+00,9.372306466102600098e-01,-2.349618226289749146e-01,2.576657533645629883e-01,0.000000000000000000e+00,7.193654179573059082e-01,-4.821595847606658936e-01,5.000355243682861328e-01,0.000000000000000000e+00,2.235474437475204468e-01,2.105641812086105347e-01,-9.516770839691162109e-01,0.000000000000000000e+00,3.590696156024932861e-01,4.274634122848510742e-01,8.296650052070617676e-01,0.000000000000000000e+00,6.283605098724365234e-01,-2.994407415390014648e-01,7.179821133613586426e-01,0.000000000000000000e+00,7.387437820434570312e-01,3.732312321662902832e-01,5.612094998359680176e-01,0.000000000000000000e+00
5.299999713897705078e-01,5.000000074505805969e-02,4.499999880790710449e-01,-3.526654466986656189e-02,7.175939083099365234e-01,5.517642945051193237e-02,9.985636472702026367e-01,1.420066971331834793e-02,5.166264995932579041e-02,0.000000000000000000e+00,9.380861520767211914e-01,-2.325690388679504395e-01,2.567216753959655762e-01,0.000000000000000000e+00,7.190050482749938965e-01,-4.807994663715362549e-01,5.018602013587951660e-01,0.000000000000000000e+00,2.239377349615097046e-01,2.029724568128585815e-01,-9.532334804534912109e-01,0.000000000000000000e+00,3.604259788990020752e-01,4.287190139293670654e-01,8.284280896186828613e-01,0.000000000000000000e+00,6.253333091735839844e-01,-3.015132248401641846e-01,7.197555303573608398e-01,0.000000000000000000e+00,7.410719990730285645e-01,3.760033249855041504e-01,5.562676787376403809e-01,0.000000000000000000e+00
5.299999713897705078e-01,5.000000074505805969e-02,4.499999880790710449e-01,-3.485849872231483459e-02,7.177338004112243652e-01,5.504487827420234680e-02,9.985374212265014648e-01,1.423385925590991974e-02,5.215738713741302490e-02,0.000000000000000000e+00,9.389502406120300293e-01,-2.300175726413726807e-01,2.558600008487701416e-01,0.000000000000000000e+00,7.185772061347961426e-01,-4.792294204235076904e-01,5.039702057838439941e-01,0.000000000000000000e+00,2.243680655956268311e-01,1.940625905990600586e-01,-9.549862146377563477e-01,0.000000000000000000e+00,3.619062900543212891e-01,4.302730262279510498e-01,8.269758224487304688e-01,0.000000000000000000e+00,6.214410662651062012e-01,-3.028276264667510986e-01,7.225693464279174805e-01,0.000000000000000000e+00,7.438717484474182129e-01,3.787016868591308594e-01,5.506722331047058105e-01,0.000000000000000000e+00
5.299999713897705078e-01,5.000000074505805969e-02,4.499999880790710449e-01,-3.433322533965110779e-02,7.179139256477355957e-01,5.487553775310516357e-02,9.985027909278869629e-01,1.429683808237314224e-02,5.279991775751113892e-02,0.000000000000000000e+00,9.398659467697143555e-01,-2.269251495599746704e-01,2.552585601806640625e-01,0.000000000000000000e+00,7.180296778678894043e-01,-4.771109819412231445e-01,5.067529082298278809e-01,0.000000000000000000e+00,2.248523384332656860e-01,1.821326166391372681e-01,-9.572194814682006836e-01,0.000000000000000000e+00,3.636654913425445557e-01,4.323954284191131592e-01,8.250949382781982422e-01,0.000000000000000000e+00,6.165056824684143066e-01,-3.042078614234924316e-01,7.262081503868103027e-01,0.000000000000000000e+00,7.473828196525573730e-01,3.822694420814514160e-01,5.434049963951110840e-01,0.000000000000000000e+00
5.299999713897705078e-01,5.000000074505805969e-02,4.499999880790710449e-01,-3.407411277294158936e-02,7.179852128028869629e-01,5.475623533129692078e-02,9.984847307205200195e-01,1.431731227785348892e-02,5.313448607921600342e-02,0.000000000000000000e+00,9.402842521667480469e-01,-2.253592312335968018e-01,2.551054358482360840e-01,0.000000000000000000e+00,7.176926732063293457e-01,-4.762258529663085938e-01,5.080612301826477051e-01,0.000000000000000000e+00,2.252245098352432251e-01,1.758996993303298950e-01,-9.582970142364501953e-01,0.000000000000000000e+00,3.645173907279968262e-01,4.335919320583343506e-01,8.240904808044433594e-01,0.000000000000000000e+00,6.141309738159179688e-01,-3.042573630809783936e-01,7.281967997550964355e-01,0.000000000000000000e+00,7.491903901100158691e-01,3.840517699718475342e-01,5.396461486816406250e-01,0.000000000000000000e+00
5.299999713897705078e-01,5.000000074505805969e-02,4.499999880790710449e-01,-3.357125446200370789e-02,7.181236147880554199e-01,5.452470853924751282e-02,9.984457492828369141e-01,1.432357821613550186e-02,5.385984852910041809e-02,0.000000000000000000e+00,9.411388039588928223e-01,-2.219469994306564331e-01,2.549455463886260986e-01,0.000000000000000000e+00,7.167996764183044434e-01,-4.749924540519714355e-01,5.104708075523376465e-01,0.000000000000000000e+00,2.263963520526885986e-01,1.623390913009643555e-01,-9.604117274284362793e-01,0.000000000000000000e+00,3.662785589694976807e-01,4.364494681358337402e-01,8.217979669570922852e-01,0.000000000000000000e+00,6.093655228614807129e-01,-3.023608326911926270e-01,7.329744696617126465e-01,0.000000000000000000e+00,7.531684041023254395e-01,3.876304030418395996e-01,5.314884781837463379e-01,0.000000000000000000e+00
5.299999713897705078e-01,5.000000074505805969e-02,4.499999880790710449e-01,-3.320715576410293579e-02,7.182238698005676270e-01,5.435706675052642822e-02,9.984167814254760742e-01,1.432361733168363571e-02,5.439502000808715820e-02,0.000000000000000000e+00,9.416305422782897949e-01,-2.196010947227478027e-01,2.551612555980682373e-01,0.000000000000000000e+00,7.161571979522705078e-01,-4.741337597370147705e-01,5.121679902076721191e-01,0.000000000000000000e+00,2.271817922592163086e-01,1.522957384586334229e-01,-9.618702530860900879e-01,0.000000000000000000e+00,3.674362897872924805e-01,4.386087656021118164e-01,8.201298117637634277e-01,0.000000000000000000e+00,6.061245799064636230e-01,-3.006357550621032715e-01,7.363634705543518066e-01,0.000000000000000000e+00,7.559171319007873535e-01,3.903129994869232178e-01,5.255901217460632324e-01,0.000000000000000000e+00
5.299999713897705078e-01,5.000000074505805969e-02,4.499999880790710449e-01,-3.276943787932395935e-02,7.184327244758605957e-01,5.423437803983688354e-02,9.983857870101928711e-01,1.434099487960338593e-02,5.495601892471313477e-02,0.000000000000000000e+00,9.420856237411499023e-01,-2.170004695653915405e-01,2.557057738304138184e-01,0.000000000000000000e+00,7.154075503349304199e-01,-4.734474122524261475e-01,5.138478279113769531e-01,0.000000000000000000e+00,2.284968644380569458e-01,1.424898356199264526e-01,-9.630606770515441895e-01,0.000000000000000000e+00,3.684379756450653076e-01,4.409322440624237061e-01,8.184327483177185059e-01,0.000000000000000000e+00,6.033115386962890625e-01,-2.979198098182678223e-01,7.397695779800415039e-01,0.000000000000000000e+00,7.584636211395263672e-01,3.934307694435119629e-01,5.195624828338623047e-01,0.000000000000000000e+00
5.299999713897705078e-01,5.000000074505805969e-02,4.499999880790710449e-01,-3.234472498297691345e-02,7.186354398727416992e-01,5.411533266305923462e-02,9.983527064323425293e-01,1.437639351934194565e-02,5.554494634270668030e-02,0.000000000000000000e+00,9.425143599510192871e-01,-2.141312360763549805e-01,2.565433084964752197e-01,0.000000000000000000e+00,7.145510911941528320e-01,-4.729347527027130127e-01,5.155088901519775391e-01,0.000000000000000000e+00,2.302976846694946289e-01,1.329181343317031860e-01,-9.639998674392700195e-01,0.000000000000000000e+00,3.693030476570129395e-01,4.434263706207275391e-01,8.166935443878173828e-01,0.000000000000000000e+00,6.008869409561157227e-01,-2.941820323467254639e-01,7.432307004928588867e-01,0.000000000000000000e+00,7.608234882354736328e-01,3.969932794570922852e-01,5.133653283119201660e-01,0.000000000000000000e+00
5.299999713897705078e-01,5.000000074505805969e-02,4.499999880790710449e-01,-3.179799392819404602e-02,7.188963294029235840e-01,5.396208912134170532e-02,9.983092546463012695e-01,1.442382950335741043e-02,5.630753934383392334e-02,0.000000000000000000e+00,9.428994655609130859e-01,-2.106566429138183594e-01,2.580007612705230713e-01,0.000000000000000000e+00,7.135008573532104492e-01,-4.722393751144409180e-01,5.175969004631042480e-01,0.000000000000000000e+00,2.323617786169052124e-01,1.205658465623855591e-01,-9.651278853416442871e-01,0.000000000000000000e+00,3.702822625637054443e-01,4.466782510280609131e-01,8.144750595092773438e-01,0.000000000000000000e+00,5.980163216590881348e-01,-2.891613841056823730e-01,7.475039362907409668e-01,0.000000000000000000e+00,7.636253237724304199e-01,4.017160832881927490e-01,5.054706335067749023e-01,0.000000000000000000e+00
5.299999713897705078e-01,5.000000074505805969e-02,4.499999880790710449e-01,-3.156008571386337280e-02,7.190344929695129395e-01,5.387124046683311462e-02,9.982860684394836426e-01,1.444519869983196259e-02,5.671164765954017639e-02,0.000000000000000000e+00,9.430378675460815430e-01,-2.090535610914230347e-01,2.587975561618804932e-01,0.000000000000000000e+00,7.131413221359252930e-01,-4.714604020118713379e-01,5.188010334968566895e-01,0.000000000000000000e+00,2.334144860506057739e-01,1.144109740853309631e-01,-9.656230211257934570e-01,0.000000000000000000e+00,3.705954551696777344e-01,4.483445584774017334e-01,8.134163618087768555e-01,0.000000000000000000e+00,5.961074233055114746e-01,-2.870387732982635498e-01,7.498431205749511719e-01,0.000000000000000000e+00,7.651297450065612793e-01,4.041086733341217041e-01,5.012710094451904297e-01,0.000000000000000000e+00
5.299999713897705078e-01,5.000000074505805969e-02,4.499999880790710449e-01,-3.109837323427200317e-02,7.193025946617126465e-01,5.369492992758750916e-02,9.982341527938842773e-01,1.448123995214700699e-02,5.760954692959785461e-02,0.000000000000000000e+00,9.432498812675476074e-01,-2.060461640357971191e-01,2.604316473007202148e-01,0.000000000000000000e+00,7.128721475601196289e-01,-4.685254395008087158e-01,5.218210816383361816e-01,0.000000000000000000e+00,2.357656955718994141e-01,1.019413918256759644e-01,-9.664483666419982910e-01,0.000000000000000000e+00,3.707820475101470947e-01,4.518553316593170166e-01,8.113861083984375000e-01,0.000000000000000000e+00,5.906776189804077148e-01,-2.839759886264801025e-01,7.552864551544189453e-01,0.000000000000000000e+00,7.686169743537902832e-01,4.090523421764373779e-01,4.918375611305236816e-01,0.000000000000000000e+00
5.299999713897705078e-01,5.000000074505805969e-02,4.499999880790710449e-01,-3.076406940817832947e-02,7.194967269897460938e-01,5.356727167963981628e-02,9.981951713562011719e-01,1.450654584914445877e-02,5.827459320425987244e-02,0.000000000000000000e+00,9.433053731918334961e-01,-2.040071040391921997e-01,2.618320584297180176e-01,0.000000000000000000e+00,7.127334475517272949e-01,-4.662002921104431152e-01,5.240881443023681641e-01,0.000000000000000000e+00,2.373007535934448242e-01,9.282832592725753784e-02,-9.669908285140991211e-01,0.000000000000000000e+00,3.708522915840148926e-01,4.544315636157989502e-01,8.099138736724853516e-01,0.000000000000000000e+00,5.868041515350341797e-01,-2.817993164062500000e-01,7.591113448143005371e-01,0.000000000000000000e+00,7.710361480712890625e-01,4.127354919910430908e-01,4.849253892898559570e-01,0.000000000000000000e+00
5.299999713897705078e-01,5.000000074505805969e-02,4.499999880790710449e-01,-3.044125251471996307e-02,7.196643352508544922e-01,5.342121794819831848e-02,9.981557726860046387e-01,1.452539395540952682e-02,5.894106626510620117e-02,0.000000000000000000e+00,9.433018565177917480e-01,-2.020298242568969727e-01,2.633734643459320068e-01,0.000000000000000000e+00,7.127395868301391602e-01,-4.635048806667327881e-01,5.264650583267211914e-01,0.000000000000000000e+00,2.387639135122299194e-01,8.363419026136398315e-02,-9.674694538116455078e-01,0.000000000000000000e+00,3.708921074867248535e-01,4.571570158004760742e-01,8.083603978157043457e-01,0.000000000000000000e+00,5.826932787895202637e-01,-2.793835401535034180e-01,7.631601095199584961e-01,0.000000000000000000e+00,7.737798094749450684e-01,4.165404736995697021e-01,4.772408902645111084e-01,0.000000000000000000e+00
5.299999713897705078e-01,5.000000074505805969e-02,4.499999880790710449e-01,-3.002671338617801666e-02,7.198665738105773926e-01,5.321871116757392883e-02,9.980996251106262207e-01,1.452712062746286392e-02,5.988364666700363159e-02,0.000000000000000000e+00,9.432407617568969727e-01,-1.994272768497467041e-01,2.655665874481201172e-01,0.000000000000000000e+00,7.129294872283935547e-01,-4.594069421291351318e-01,5.297893881797790527e-01,0.000000000000000000e+00,2.409666329622268677e-01,7.043034583330154419e-02,-9.679744839668273926e-01,0.000000000000000000e+00,3.708593845367431641e-01,4.615632295608520508e-01,8.058676719665527344e-01,0.000000000000000000e+00,5.769597887992858887e-01,-2.758080959320068359e-01,7.687960267066955566e-01,0.000000000000000000e+00,7.778021693229675293e-01,4.217921793460845947e-01,4.659561514854431152e-01,0.000000000000000000e+00
5.299999713897705078e-01,5.000000074505805969e-02,4.499999880790710449e-01,-2.972656302154064178e-02,7.200129628181457520e-01,5.307208746671676636e-02,9.980579018592834473e-01,1.452579069882631302e-02,6.057532876729965210e-02,0.000000000000000000e+00,9.431153535842895508e-01,-1.976475566625595093e-01,2.673366069793701172e-01,0.000000000000000000e+00,7.130538225173950195e-01,-4.564098417758941650e-01,5.322069525718688965e-01,0.000000000000000000e+00,2.423973828554153442e-01,6.070050969719886780e-02,-9.682762622833251953e-01,0.000000000000000000e+00,3.708252608776092529e-01,4.648463726043701172e-01,8.039940595626831055e-01,0.000000000000000000e+00,5.731120109558105469e-01,-2.730920612812042236e-01,7.726340293884277344e-01,0.000000000000000000e+00,7.805044054985046387e-01,4.256888926029205322e-01,4.578229486942291260e-01,0.000000000000000000e+00
5.299999713897705078e-01,5.000000074505805969e-02,4.499999880790710449e-01,-2.946338802576065063e-02,7.200872898101806641e-01,5.302003771066665649e-02,9.980137944221496582e-01,1.450502220541238785e-02,6.130335852503776550e-02,0.000000000000000000e+00,9.429553747177124023e-01,-1.958957612514495850e-01,2.691839635372161865e-01,0.000000000000000000e+00,7.133402228355407715e-01,-4.530224502086639404e-01,5.347114801406860352e-01,0.000000000000000000e+00,2.437238097190856934e-01,4.986707866191864014e-02,-9.685618281364440918e-01,0.000000000000000000e+00,3.708108067512512207e-01,4.685764014720916748e-01,8.018326163291931152e-01,0.000000000000000000e+00,5.688679218292236328e-01,-2.702158391475677490e-01,7.767706513404846191e-01,0.000000000000000000e+00,7.834854125976562500e-01,4.295005202293395996e-01,4.490878880023956299e-01,0.000000000000000000e+00
5.299999713897705078e-01,5.000000074505805969e-02,4.499999880790710449e-01,-2.912460640072822571e-02,7.201829552650451660e-01,5.295303836464881897e-02,9.979514479637145996e-01,1.445007976144552231e-02,6.232281029224395752e-02,0.000000000000000000e+00,9.426953196525573730e-01,-1.935944259166717529e-01,2.717475593090057373e-01,0.000000000000000000e+00,7.139211297035217285e-01,-4.479775726795196533e-01,5.381753444671630859e-01,0.000000000000000000e+00,2.453243434429168701e-01,3.388772904872894287e-02,-9.688485860824584961e-01,0.000000000000000000e+00,3.708107769489288330e-01,4.741609096527099609e-01,7.985429167747497559e-01,0.000000000000000000e+00,5.627580881118774414e-01,-2.661326229572296143e-01,7.826089859008789062e-01,0.000000000000000000e+00,7.877666950225830078e-01,4.344716668128967285e-01,4.366440474987030029e-01,0.000000000000000000e+00
5.299999713897705078e-01,5.000000074505805969e-02,4.499999880790710449e-01,-2.876351028680801392e-02,7.202859520912170410e-01,5.287729576230049133e-02,9.978888630867004395e-01,1.439183764159679413e-02,6.332971155643463135e-02,0.000000000000000000e+00,9.423890113830566406e-01,-1.913917213678359985e-01,2.743576467037200928e-01,0.000000000000000000e+00,7.145985960960388184e-01,-4.426355659961700439e-01,5.416849851608276367e-01,0.000000000000000000e+00,2.468232810497283936e-01,1.809098385274410248e-02,-9.688916206359863281e-01,0.000000000000000000e+00,3.708748817443847656e-01,4.797335863113403320e-01,7.951776385307312012e-01,0.000000000000000000e+00,5.570374727249145508e-01,-2.615056633949279785e-01,7.882411479949951172e-01,0.000000000000000000e+00,7.917245626449584961e-01,4.395608305931091309e-01,4.242151677608489990e-01,0.000000000000000000e+00
5.299999713897705078e-01,5.000000074505805969e-02,4.499999880790710449e-01,-2.838168852031230927e-02,7.203957438468933105e-01,5.279338359832763672e-02,9.978216290473937988e-01,1.431992929428815842e-02,6.439641118049621582e-02,0.000000000000000000e+00,9.421468377113342285e-01,-1.890030950307846069e-01,2.768342494964599609e-01,0.000000000000000000e+00,7.154666781425476074e-01,-4.366923570632934570e-01,5.453505516052246094e-01,0.000000000000000000e+00,2.489288598299026489e-01,1.670238561928272247e-03,-9.685203433036804199e-01,0.000000000000000000e+00,3.712249696254730225e-01,4.858389794826507568e-01,7.912979722023010254e-01,0.000000000000000000e+00,5.514669418334960938e-01,-2.559733390808105469e-01,7.939532995223999023e-01,0.000000000000000000e+00,7.954854965209960938e-01,4.448943138122558594e-01,4.114266335964202881e-01,0.000000000000000000e+00
5.299999713897705078e-01,5.000000074505805969e-02,4.499999880790710449e-01,-2.810522913932800293e-02,7.204751968383789062e-01,5.273262411355972290e-02,9.977716207504272461e-01,1.426612026989459991e-02,6.517872214317321777e-02,0.000000000000000000e+00,9.419262409210205078e-01,-1.873027235269546509e-01,2.787340581417083740e-01,0.000000000000000000e+00,7.160415649414062500e-01,-4.323723316192626953e-01,5.480315685272216797e-01,0.000000000000000000e+00,2.503147423267364502e-01,-1.037566177546977997e-02,-9.681088924407958984e-01,0.000000000000000000e+00,3.714685738086700439e-01,4.903305470943450928e-01,7.884079217910766602e-01,0.000000000000000000e+00,5.477539300918579102e-01,-2.518276870250701904e-01,7.978398799896240234e-01,0.000000000000000000e+00,7.979810237884521484e-01,4.488434493541717529e-01,4.022012650966644287e-01,0.000000000000000000e+00
5.299999713897705078e-01,5.000000074505805969e-02,4.499999880790710449e-01,-2.789589576423168182e-02,7.205263972282409668e-01,5.266058444976806641e-02,9.977386593818664551e-01,1.422849204391241074e-02,6.568928062915802002e-02,0.000000000000000000e+00,9.417935013771057129e-01,-1.861335784196853638e-01,2.799631059169769287e-01,0.000000000000000000e+00,7.164140939712524414e-01,-4.294924437999725342e-01,5.498064160346984863e-01,0.000000000000000000e+00,2.511643767356872559e-01,-1.824671216309070587e-02,-9.677724242210388184e-01,0.000000000000000000e+00,3.715968728065490723e-01,4.932963848114013672e-01,7.864950299263000488e-01,0.000000000000000000e+00,5.454169511795043945e-01,-2.490453422069549561e-01,8.003103733062744141e-01,0.000000000000000000e+00,7.995362877845764160e-01,4.514475166797637939e-01,3.961525261402130127e-01,0.000000000000000000e+00
5.299999713897705078e-01,5.000000074505805969e-02,4.499999880790710449e-01,-2.731842547655105591e-02,7.206485271453857422e-01,5.240733921527862549e-02,9.976560473442077637e-01,1.408604159951210022e-02,6.696278601884841919e-02,0.000000000000000000e+00,9.421192407608032227e-01,-1.815617382526397705e-01,2.818627953529357910e-01,0.000000000000000000e+00,7.177264690399169922e-01,-4.210422039031982422e-01,5.546099543571472168e-01,0.000000000000000000e+00,2.538255751132965088e-01,-3.779379650950431824e-02,-9.665113687515258789e-01,0.000000000000000000e+00,3.716390430927276611e-01,5.014169812202453613e-01,7.813228368759155273e-01,0.000000000000000000e+00,5.388629436492919922e-01,-2.413317859172821045e-01,8.070846796035766602e-01,0.000000000000000000e+00,8.036525845527648926e-01,4.579209387302398682e-01,3.800669908523559570e-01,0.000000000000000000e+00
5.299999713897705078e-01,5.000000074505805969e-02,4.499999880790710449e-01,-2.698561921715736389e-02,7.207189202308654785e-01,5.226139351725578308e-02,9.976073503494262695e-01,1.399612426757812500e-02,6.770260632038116455e-02,0.000000000000000000e+00,9.423631429672241211e-01,-1.786929965019226074e-01,2.828789651393890381e-01,0.000000000000000000e+00,7.184678316116333008e-01,-4.159621000289916992e-01,5.574760437011718750e-01,0.000000000000000000e+00,2.552325725555419922e-01,-4.916210845112800598e-02,-9.656290411949157715e-01,0.000000000000000000e+00,3.716141283512115479e-01,5.062251687049865723e-01,7.782281041145324707e-01,0.000000000000000000e+00,5.352522730827331543e-01,-2.366472184658050537e-01,8.108656406402587891e-01,0.000000000000000000e+00,8.058799505233764648e-01,4.617381691932678223e-01,3.706148564815521240e-01,0.000000000000000000e+00
5.299999713897705078e-01,5.000000074505805969e-02,4.499999880790710449e-01,-2.662995457649230957e-02,7.208158969879150391e-01,5.210772901773452759e-02,9.975596070289611816e-01,1.391359698027372360e-02,6.841994076967239380e-02,0.000000000000000000e+00,9.425730705261230469e-01,-1.759058088064193726e-01,2.839245200157165527e-01,0.000000000000000000e+00,7.192544937133789062e-01,-4.107558727264404297e-01,5.603147149085998535e-01,0.000000000000000000e+00,2.564428448677062988e-01,-6.020431593060493469e-02,-9.646825790405273438e-01,0.000000000000000000e+00,3.715592324733734131e-01,5.109078288078308105e-01,7.751883268356323242e-01,0.000000000000000000e+00,5.317500829696655273e-01,-2.318662554025650024e-01,8.145427703857421875e-01,0.000000000000000000e+00,8.079295754432678223e-01,4.655519425868988037e-01,3.612633943557739258e-01,0.000000000000000000e+00
5.299999713897705078e-01,5.000000074505805969e-02,4.499999880790710449e-01,-2.608653157949447632e-02,7.210156321525573730e-01,5.187842249870300293e-02,9.974965453147888184e-01,1.388259604573249817e-02,6.933890283107757568e-02,0.000000000000000000e+00,9.429405331611633301e-01,-1.718953102827072144e-01,2.851582169532775879e-01,0.000000000000000000e+00,7.206677198410034180e-01,-4.029322266578674316e-01,5.641663074493408203e-01,0.000000000000000000e+00,2.581003606319427490e-01,-7.434143871068954468e-02,-9.632536172866821289e-01,0.000000000000000000e+00,3.711468577384948730e-01,5.173930525779724121e-01,7.710735797882080078e-01,0.000000000000000000e+00,5.266246795654296875e-01,-2.249516844749450684e-01,8.197945952415466309e-01,0.000000000000000000e+00,8.105443120002746582e-01,4.707679152488708496e-01,3.484185338020324707e-01,0.000000000000000000e+00
5.299999713897705078e-01,5.000000074505805969e-02,4.499999880790710449e-01,-2.556451968848705292e-02,7.212074995040893555e-01,5.165815353393554688e-02,9.974350333213806152e-01,1.387651730328798294e-02,7.021991163492202759e-02,0.000000000000000000e+00,9.432840943336486816e-01,-1.679261922836303711e-01,2.863843142986297607e-01,0.000000000000000000e+00,7.219433784484863281e-01,-3.952789902687072754e-01,5.679368376731872559e-01,0.000000000000000000e+00,2.595237493515014648e-01,-8.791115134954452515e-02,-9.617271423339843750e-01,0.000000000000000000e+00,3.706816732883453369e-01,5.237376093864440918e-01,7.670032978057861328e-01,0.000000000000000000e+00,5.220444202423095703e-01,-2.180767506361007690e-01,8.245678544044494629e-01,0.000000000000000000e+00,8.128063678741455078e-01,4.758824110031127930e-01,3.359787464141845703e-01,0.000000000000000000e+00
5.299999713897705078e-01,5.000000074505805969e-02,4.499999880790710449e-01,-2.512405440211296082e-02,7.213283777236938477e-01,5.139590427279472351e-02,9.973893165588378906e-01,1.384551357477903366e-02,7.087171822786331177e-02,0.000000000000000000e+00,9.435774087905883789e-01,-1.649059057235717773e-01,2.871718406677246094e-01,0.000000000000000000e+00,7.229100465774536133e-01,-3.893949985504150391e-01,5.707649588584899902e-01,0.000000000000000000e+00,2.605030536651611328e-01,-9.737906605005264282e-02,-9.605495929718017578e-01,0.000000000000000000e+00,3.703220486640930176e-01,5.284765362739562988e-01,7.639202475547790527e-01,0.000000000000000000e+00,5.187463164329528809e-01,-2.129890918731689453e-01,8.279721736907958984e-01,0.000000000000000000e+00,8.143104314804077148e-01,4.796910881996154785e-01,3.267949819564819336e-01,0.000000000000000000e+00
5.299999713897705078e-01,5.000000074505805969e-02,4.499999880790710449e-01,-2.451621182262897491e-02,7.214722633361816406e-01,5.099116638302803040e-02,9.973273277282714844e-01,1.370003633201122284e-02,7.176696509122848511e-02,0.000000000000000000e+00,9.442225694656372070e-01,-1.603891402482986450e-01,2.876091599464416504e-01,0.000000000000000000e+00,7.245485186576843262e-01,-3.804156184196472168e-01,5.747290253639221191e-01,0.000000000000000000e+00,2.619810998439788818e-01,-1.081109046936035156e-01,-9.589983820915222168e-01,0.000000000000000000e+00,3.697051107883453369e-01,5.352128148078918457e-01,7.595165371894836426e-01,0.000000000000000000e+00,5.138176083564758301e-01,-2.062094360589981079e-01,8.327479362487792969e-01,0.000000000000000000e+00,8.161650300025939941e-01,4.849026203155517578e-01,3.142358064651489258e-01,0.000000000000000000e+00
5.299999713897705078e-01,5.000000074505805969e-02,4.499999880790710449e-01,-2.407609857618808746e-02,7.215763926506042480e-01,5.069811642169952393e-02,9.972816705703735352e-01,1.358288340270519257e-02,7.242111861705780029e-02,0.000000000000000000e+00,9.446892738342285156e-01,-1.570550501346588135e-01,2.879164218902587891e-01,0.000000000000000000e+00,7.256696820259094238e-01,-3.737742900848388672e-01,5.776645541191101074e-01,0.000000000000000000e+00,2.629428505897521973e-01,-1.157231330871582031e-01,-9.578461050987243652e-01,0.000000000000000000e+00,3.692753911018371582e-01,5.401346087455749512e-01,7.562342882156372070e-01,0.000000000000000000e+00,5.104548931121826172e-01,-2.012069970369338989e-01,8.360332250595092773e-01,0.000000000000000000e+00,8.173666000366210938e-01,4.887295365333557129e-01,3.050495684146881104e-01,0.000000000000000000e+00
5.299999713897705078e-01,5.000000074505805969e-02,4.499999880790710449e-01,-2.360359951853752136e-02,7.216544747352600098e-01,5.042891204357147217e-02,9.972357153892517090e-01,1.344394776970148087e-02,7.307665795087814331e-02,0.000000000000000000e+00,9.451820254325866699e-01,-1.536487936973571777e-01,2.881370186805725098e-01,0.000000000000000000e+00,7.268049120903015137e-01,-3.670037388801574707e-01,5.805711150169372559e-01,0.000000000000000000e+00,2.638822793960571289e-01,-1.229277029633522034e-01,-9.566895961761474609e-01,0.000000000000000000e+00,3.687210083007812500e-01,5.450680851936340332e-01,7.529578804969787598e-01,0.000000000000000000e+00,5.076698064804077148e-01,-1.953487396240234375e-01,8.391127586364746094e-01,0.000000000000000000e+00,8.184334039688110352e-01,4.926338195800781250e-01,2.957679629325866699e-01,0.000000000000000000e+00
5.299999713897705078e-01,5.000000074505805969e-02,4.499999880790710449e-01,-2.296565286815166473e-02,7.217398881912231445e-01,5.009226500988006592e-02,9.971710443496704102e-01,1.316486205905675888e-02,7.400395721197128296e-02,0.000000000000000000e+00,9.460234642028808594e-01,-1.486880183219909668e-01,2.879782617092132568e-01,0.000000000000000000e+00,7.283158898353576660e-01,-3.578161299228668213e-01,5.844001770019531250e-01,0.000000000000000000e+00,2.653834223747253418e-01,-1.314730048179626465e-01,-9.551368951797485352e-01,0.000000000000000000e+00,3.674325346946716309e-01,5.520921349525451660e-01,7.484568357467651367e-01,0.000000000000000000e+00,5.047067403793334961e-01,-1.863561123609542847e-01,8.429368138313293457e-01,0.000000000000000000e+00,8.196515440940856934e-01,4.979251027107238770e-01,2.832701206207275391e-01,0.000000000000000000e+00
5.299999713897705078e-01,5.000000074505805969e-02,4.499999880790710449e-01,-2.250374481081962585e-02,7.218017578125000000e-01,4.984851181507110596e-02,9.971231222152709961e-01,1.295153517276048660e-02,7.468432188034057617e-02,0.000000000000000000e+00,9.466248750686645508e-01,-1.450461298227310181e-01,2.878593206405639648e-01,0.000000000000000000e+00,7.293029427528381348e-01,-3.511548638343811035e-01,5.872030854225158691e-01,0.000000000000000000e+00,2.663717865943908691e-01,-1.375814825296401978e-01,-9.540007114410400391e-01,0.000000000000000000e+00,3.665233850479125977e-01,5.572120547294616699e-01,7.451009154319763184e-01,0.000000000000000000e+00,5.027563571929931641e-01,-1.797289997339248657e-01,8.455374240875244141e-01,0.000000000000000000e+00,8.204028010368347168e-01,5.017695426940917969e-01,2.741653323173522949e-01,0.000000000000000000e+00
5.299999713897705078e-01,5.000000074505805969e-02,4.499999880790710449e-01,-2.218277193605899811e-02,7.218031287193298340e-01,4.973098263144493103e-02,9.970910549163818359e-01,1.279770117253065109e-02,7.513757050037384033e-02,0.000000000000000000e+00,9.470266699790954590e-01,-1.426253765821456909e-01,2.877472043037414551e-01,0.000000000000000000e+00,7.299400568008422852e-01,-3.466981053352355957e-01,5.890567898750305176e-01,0.000000000000000000e+00,2.669746279716491699e-01,-1.415345072746276855e-01,-9.532536864280700684e-01,0.000000000000000000e+00,3.659219145774841309e-01,5.605469942092895508e-01,7.428917884826660156e-01,0.000000000000000000e+00,5.017080903053283691e-01,-1.749743074178695679e-01,8.471558094024658203e-01,0.000000000000000000e+00,8.207908868789672852e-01,5.044067502021789551e-01,2.680973708629608154e-01,0.000000000000000000e+00
5.299999713897705078e-01,5.000000074505805969e-02,4.499999880790710449e-01,-2.151932194828987122e-02,7.217295169830322266e-01,4.958313331007957458e-02,9.970182776451110840e-01,1.227330602705478668e-02,7.618308067321777344e-02,0.000000000000000000e+00,9.480961561203002930e-01,-1.372576057910919189e-01,2.868345975875854492e-01,0.000000000000000000e+00,7.312063574790954590e-01,-3.376230895519256592e-01,5.927460789680480957e-01,0.000000000000000000e+00,2.683558464050292969e-01,-1.489221453666687012e-01,-9.517391324043273926e-01,0.000000000000000000e+00,3.640886843204498291e-01,5.673681497573852539e-01,7.386019229888916016e-01,0.000000000000000000e+00,5.002611279487609863e-01,-1.642888337373733521e-01,8.501458764076232910e-01,0.000000000000000000e+00,8.212699890136718750e-01,5.099688172340393066e-01,2.558268904685974121e-01,0.000000000000000000e+00
5.299999713897705078e-01,5.000000074505805969e-02,4.499999880790710449e-01,-2.119746431708335876e-02,7.216938734054565430e-01,4.951141029596328735e-02,9.969808459281921387e-01,1.198114268481731415e-02,7.671779394149780273e-02,0.000000000000000000e+00,9.486457705497741699e-01,-1.345518380403518677e-01,2.862989008426666260e-01,0.000000000000000000e+00,7.317742109298706055e-01,-3.331852853298187256e-01,5.945536494255065918e-01,0.000000000000000000e+00,2.690050601959228516e-01,-1.524596512317657471e-01,-9.509954452514648438e-01,0.000000000000000000e+00,3.631539940834045410e-01,5.707110166549682617e-01,7.364835739135742188e-01,0.000000000000000000e+00,4.996375143527984619e-01,-1.589552760124206543e-01,8.515254259109497070e-01,0.000000000000000000e+00,8.214275240898132324e-01,5.126941204071044922e-01,2.498031109571456909e-01,0.000000000000000000e+00
5.299999713897705078e-01,5.000000074505805969e-02,4.499999880790710449e-01,-2.068391069769859314e-02,7.216517329216003418e-01,4.940099269151687622e-02,9.969229698181152344e-01,1.154047995805740356e-02,7.753343880176544189e-02,0.000000000000000000e+00,9.494927525520324707e-01,-1.304860562086105347e-01,2.853714823722839355e-01,0.000000000000000000e+00,7.325023412704467773e-01,-3.265061378479003906e-01,5.973559021949768066e-01,0.000000000000000000e+00,2.700335979461669922e-01,-1.575955003499984741e-01,-9.498660564422607422e-01,0.000000000000000000e+00,3.615498244762420654e-01,5.756728649139404297e-01,7.334046959877014160e-01,0.000000000000000000e+00,4.990012049674987793e-01,-1.502285897731781006e-01,8.534806370735168457e-01,0.000000000000000000e+00,8.214393854141235352e-01,5.169634819030761719e-01,2.408030629158020020e-01,0.000000000000000000e+00
5.299999713897705078e-01,5.000000074505805969e-02,4.499999880790710449e-01,-2.016456052660942078e-02,7.216158509254455566e-01,4.929114133119583130e-02,9.968588352203369141e-01,1.107535511255264282e-02,7.842062413692474365e-02,0.000000000000000000e+00,9.504647254943847656e-01,-1.262632161378860474e-01,2.840323746204376221e-01,0.000000000000000000e+00,7.330962419509887695e-01,-3.198193907737731934e-01,6.002378463745117188e-01,0.000000000000000000e+00,2.713885307312011719e-01,-1.624665260314941406e-01,-9.486584663391113281e-01,0.000000000000000000e+00,3.591918349266052246e-01,5.807465314865112305e-01,7.305577993392944336e-01,0.000000000000000000e+00,4.986438751220703125e-01,-1.407668739557266235e-01,8.553005456924438477e-01,0.000000000000000000e+00,8.212144970893859863e-01,5.213929414749145508e-01,2.318538129329681396e-01,0.000000000000000000e+00
5.299999713897705078e-01,5.000000074505805969e-02,4.499999880790710449e-01,-1.966063678264617920e-02,7.215809822082519531e-01,4.918455705046653748e-02,9.967941641807556152e-01,1.061604823917150497e-02,7.930102944374084473e-02,0.000000000000000000e+00,9.514087438583374023e-01,-1.221239939332008362e-01,2.826784253120422363e-01,0.000000000000000000e+00,7.336015105247497559e-01,-3.133082091808319092e-01,6.030479073524475098e-01,0.000000000000000000e+00,2.726502716541290283e-01,-1.671725064516067505e-01,-9.474783539772033691e-01,0.000000000000000000e+00,3.569289147853851318e-01,5.856616497039794922e-01,7.277377247810363770e-01,0.000000000000000000e+00,4.983025193214416504e-01,-1.314752697944641113e-01,8.569765686988830566e-01,0.000000000000000000e+00,8.209135532379150391e-01,5.256705880165100098e-01,2.230950146913528442e-01,0.000000000000000000e+00
5.299999713897705078e-01,5.000000074505805969e-02,4.499999880790710449e-01,-1.910585910081863403e-02,7.215216755867004395e-01,4.912693053483963013e-02,9.967293739318847656e-01,1.019218284636735916e-02,8.016621321439743042e-02,0.000000000000000000e+00,9.523233771324157715e-01,-1.181766912341117859e-01,2.812729179859161377e-01,0.000000000000000000e+00,7.339201569557189941e-01,-3.068986833095550537e-01,6.059491634368896484e-01,0.000000000000000000e+00,2.737497687339782715e-01,-1.719345599412918091e-01,-9.463083744049072266e-01,0.000000000000000000e+00,3.544124662876129150e-01,5.906552672386169434e-01,7.249262928962707520e-01,0.000000000000000000e+00,4.985160827636718750e-01,-1.214188858866691589e-01,8.583350777626037598e-01,0.000000000000000000e+00,8.204399943351745605e-01,5.300253629684448242e-01,2.143626660108566284e-01,0.000000000000000000e+00
5.299999713897705078e-01,5.000000074505805969e-02,4.499999880790710449e-01,-1.856755651533603668e-02,7.214641571044921875e-01,4.907101765275001526e-02,9.966644644737243652e-01,9.804240427911281586e-03,8.101738244295120239e-02,0.000000000000000000e+00,9.532133340835571289e-01,-1.144209206104278564e-01,2.798074781894683838e-01,0.000000000000000000e+00,7.340612411499023438e-01,-3.005752563476562500e-01,6.089406013488769531e-01,0.000000000000000000e+00,2.747091948986053467e-01,-1.767636090517044067e-01,-9.451399445533752441e-01,0.000000000000000000e+00,3.516501486301422119e-01,5.957336425781250000e-01,7.221105098724365234e-01,0.000000000000000000e+00,4.992360472679138184e-01,-1.105504333972930908e-01,8.593846559524536133e-01,0.000000000000000000e+00,8.197950124740600586e-01,5.344616770744323730e-01,2.056376785039901733e-01,0.000000000000000000e+00
5.299999713897705078e-01,5.000000074505805969e-02,4.499999880790710449e-01,-1.804524473845958710e-02,7.214083671569824219e-01,4.901676625013351440e-02,9.966005682945251465e-01,9.429484605789184570e-03,8.184380084276199341e-02,0.000000000000000000e+00,9.540500044822692871e-01,-1.107944995164871216e-01,2.784118950366973877e-01,0.000000000000000000e+00,7.341424226760864258e-01,-2.943861186504364014e-01,6.118592023849487305e-01,0.000000000000000000e+00,2.755344212055206299e-01,-1.814675033092498779e-01,-9.440075755119323730e-01,0.000000000000000000e+00,3.491852283477783203e-01,6.006029844284057617e-01,7.192674875259399414e-01,0.000000000000000000e+00,4.999568462371826172e-01,-9.976151585578918457e-02,8.602852821350097656e-01,0.000000000000000000e+00,8.190814256668090820e-01,5.387642383575439453e-01,1.970753818750381470e-01,0.000000000000000000e+00
5.299999713897705078e-01,5.000000074505805969e-02,4.499999880790710449e-01,-1.767605915665626526e-02,7.213922142982482910e-01,4.898566007614135742e-02,9.965583682060241699e-01,9.216833859682083130e-03,8.237973600625991821e-02,0.000000000000000000e+00,9.545828700065612793e-01,-1.084686294198036194e-01,2.774997353553771973e-01,0.000000000000000000e+00,7.341424822807312012e-01,-2.901854217052459717e-01,6.138625144958496094e-01,0.000000000000000000e+00,2.761105597019195557e-01,-1.847289055585861206e-01,-9.432063102722167969e-01,0.000000000000000000e+00,3.476195633411407471e-01,6.040137410163879395e-01,7.171666622161865234e-01,0.000000000000000000e+00,5.009125471115112305e-01,-9.197011590003967285e-02,8.605975508689880371e-01,0.000000000000000000e+00,8.184422850608825684e-01,5.417751073837280273e-01,1.913948208093643188e-01,0.000000000000000000e+00
5.299999713897705078e-01,5.000000074505805969e-02,4.499999880790710449e-01,-1.695958152413368225e-02,7.213609814643859863e-01,4.892529547214508057e-02,9.964750409126281738e-01,8.907253853976726532e-03,8.341560512781143188e-02,0.000000000000000000e+00,9.555890560150146484e-01,-1.040918156504631042e-01,2.757070660591125488e-01,0.000000000000000000e+00,7.340543270111083984e-01,-2.817798852920532227e-01,6.178708672523498535e-01,0.000000000000000000e+00,2.773920595645904541e-01,-1.917333155870437622e-01,-9.414308071136474609e-01,0.000000000000000000e+00,3.445670008659362793e-01,6.114814281463623047e-01,7.122948765754699707e-01,0.000000000000000000e+00,5.032299757003784180e-01,-7.579259574413299561e-02,8.608223199844360352e-01,0.000000000000000000e+00,8.169498443603515625e-01,5.478432774543762207e-01,1.801684945821762085e-01,0.000000000000000000e+00
5.299999713897705078e-01,5.000000074505805969e-02,4.499999880790710449e-01,-1.661200076341629028e-02,7.213457822799682617e-01,4.889601096510887146e-02,9.964341521263122559e-01,8.766170591115951538e-03,8.391751348972320557e-02,0.000000000000000000e+00,9.560611248016357422e-01,-1.019910722970962524e-01,2.748543024063110352e-01,0.000000000000000000e+00,7.339894175529479980e-01,-2.776769399642944336e-01,6.198024749755859375e-01,0.000000000000000000e+00,2.779666483402252197e-01,-1.951923519372940063e-01,-9.405500888824462891e-01,0.000000000000000000e+00,3.432006835937500000e-01,6.151369214057922363e-01,7.098026871681213379e-01,0.000000000000000000e+00,5.042378306388854980e-01,-6.788271665573120117e-02,8.608926534652709961e-01,0.000000000000000000e+00,8.161951303482055664e-01,5.507417917251586914e-01,1.746681481599807739e-01,0.000000000000000000e+00
5.299999713897705078e-01,5.000000074505805969e-02,4.499999880790710449e-01,-1.601785048842430115e-02,7.213840484619140625e-01,4.880130663514137268e-02,9.963751435279846191e-01,8.602119982242584229e-03,8.463212847709655762e-02,0.000000000000000000e+00,9.567575454711914062e-01,-9.879267215728759766e-02,2.735964357852935791e-01,0.000000000000000000e+00,7.340389490127563477e-01,-2.710758447647094727e-01,6.226593255996704102e-01,0.000000000000000000e+00,2.789533138275146484e-01,-2.009954899549484253e-01,-9.390345215797424316e-01,0.000000000000000000e+00,3.410291969776153564e-01,6.209374666213989258e-01,7.057873010635375977e-01,0.000000000000000000e+00,5.056645870208740234e-01,-5.559294670820236206e-02,8.609371781349182129e-01,0.000000000000000000e+00,8.148683309555053711e-01,5.552241206169128418e-01,1.664806008338928223e-01,0.000000000000000000e+00
5.299999713897705078e-01,5.000000074505805969e-02,4.499999880790710449e-01,-1.525301020592451096e-02,7.214332818984985352e-01,4.867939651012420654e-02,9.963002800941467285e-01,8.452165871858596802e-03,8.552359044551849365e-02,0.000000000000000000e+00,9.576539397239685059e-01,-9.449807554483413696e-02,2.719724476337432861e-01,0.000000000000000000e+00,7.342751622200012207e-01,-2.617049813270568848e-01,6.263788938522338867e-01,0.000000000000000000e+00,2.803657948970794678e-01,-2.095409482717514038e-01,-9.367430806159973145e-01,0.000000000000000000e+00,3.380737900733947754e-01,6.290194392204284668e-01,7.000290751457214355e-01,0.000000000000000000e+00,5.073629021644592285e-01,-3.871123120188713074e-02,8.608625531196594238e-01,0.000000000000000000e+00,8.128388524055480957e-01,5.612924695014953613e-01,1.557040214538574219e-01,0.000000000000000000e+00
5.299999713897705078e-01,5.000000074505805969e-02,4.499999880790710449e-01,-1.488196663558483124e-02,7.214571237564086914e-01,4.862025380134582520e-02,9.962637424468994141e-01,8.381159044802188873e-03,8.595494925975799561e-02,0.000000000000000000e+00,9.580749869346618652e-01,-9.241795539855957031e-02,2.712033689022064209e-01,0.000000000000000000e+00,7.343552708625793457e-01,-2.571109831333160400e-01,6.281849145889282227e-01,0.000000000000000000e+00,2.809781730175018311e-01,-2.137188613414764404e-01,-9.356150627136230469e-01,0.000000000000000000e+00,3.367616832256317139e-01,6.329075098037719727e-01,6.971510648727416992e-01,0.000000000000000000e+00,5.080692172050476074e-01,-3.046631626784801483e-02,8.607772588729858398e-01,0.000000000000000000e+00,8.118356466293334961e-01,5.641772747039794922e-01,1.504222750663757324e-01,0.000000000000000000e+00
5.299999713897705078e-01,5.000000074505805969e-02,4.499999880790710449e-01,-1.388842612504959106e-02,7.216956615447998047e-01,4.836536571383476257e-02,9.961739182472229004e-01,8.347935974597930908e-03,8.699308335781097412e-02,0.000000000000000000e+00,9.591468572616577148e-01,-8.715020120143890381e-02,2.691507637500762939e-01,0.000000000000000000e+00,7.347323894500732422e-01,-2.447502762079238892e-01,6.326655149459838867e-01,0.000000000000000000e+00,2.826869189739227295e-01,-2.236990928649902344e-01,-9.327629804611206055e-01,0.000000000000000000e+00,3.319399952888488770e-01,6.425929069519042969e-01,6.905723214149475098e-01,0.000000000000000000e+00,5.103312134742736816e-01,-8.746108971536159515e-03,8.599334955215454102e-01,0.000000000000000000e+00,8.086915016174316406e-01,5.719696283340454102e-01,1.373640000820159912e-01,0.000000000000000000e+00
5.299999713897705078e-01,5.000000074505805969e-02,4.499999880790710449e-01,-1.312876865267753601e-02,7.218780517578125000e-01,4.817048087716102600e-02,9.961041808128356934e-01,8.380288258194923401e-03,8.778501302003860474e-02,0.000000000000000000e+00,9.599646329879760742e-01,-8.303411304950714111e-02,2.675317227840423584e-01,0.000000000000000000e+00,7.349089980125427246e-01,-2.346401810646057129e-01,6.362803578376770020e-01,0.000000000000000000e+00,2.839405536651611328e-01,-2.312889099121093750e-01,-9.305284619331359863e-01,0.000000000000000000e+00,3.279791474342346191e-01,6.499851346015930176e-01,6.855282783508300781e-01,0.000000000000000000e+00,5.120281577110290527e-01,8.673181757330894470e-03,8.589248657226562500e-01,0.000000000000000000e+00,8.059961199760437012e-01,5.781021714210510254e-01,1.271540075540542603e-01,0.000000000000000000e+00
5.299999713897705078e-01,5.000000074505805969e-02,4.499999880790710449e-01,-1.273299660533666611e-02,7.220061421394348145e-01,4.808926582336425781e-02,9.960702657699584961e-01,8.406977169215679169e-03,8.816687762737274170e-02,0.000000000000000000e+00,9.603524208068847656e-01,-8.105500042438507080e-02,2.667457759380340576e-01,0.000000000000000000e+00,7.349478006362915039e-01,-2.295057475566864014e-01,6.381056904792785645e-01,0.000000000000000000e+00,2.844746112823486328e-01,-2.350348681211471558e-01,-9.294260740280151367e-01,0.000000000000000000e+00,3.262400031089782715e-01,6.535891890525817871e-01,6.829265356063842773e-01,0.000000000000000000e+00,5.130150914192199707e-01,1.749378815293312073e-02,8.582013249397277832e-01,0.000000000000000000e+00,8.045542240142822266e-01,5.811883211135864258e-01,1.221171543002128601e-01,0.000000000000000000e+00
5.299999713897705078e-01,5.000000074505805969e-02,4.499999880790710449e-01,-1.191152166575193405e-02,7.223324179649353027e-01,4.795777797698974609e-02,9.960052967071533203e-01,8.623743429780006409e-03,8.887697011232376099e-02,0.000000000000000000e+00,9.611334800720214844e-01,-7.745961844921112061e-02,2.649950981140136719e-01,0.000000000000000000e+00,7.350320816040039062e-01,-2.187443524599075317e-01,6.417778134346008301e-01,0.000000000000000000e+00,2.853556275367736816e-01,-2.432502508163452148e-01,-9.270390868186950684e-01,0.000000000000000000e+00,3.230936825275421143e-01,6.616983413696289062e-01,6.765838861465454102e-01,0.000000000000000000e+00,5.155756473541259766e-01,3.580977767705917358e-02,8.560954332351684570e-01,0.000000000000000000e+00,8.013119101524353027e-01,5.876453518867492676e-01,1.121256202459335327e-01,0.000000000000000000e+00
5.299999713897705078e-01,5.000000074505805969e-02,4.499999880790710449e-01,-1.131672784686088562e-02,7.225686311721801758e-01,4.786257073283195496e-02,9.959582686424255371e-01,8.821750059723854065e-03,8.938305079936981201e-02,0.000000000000000000e+00,9.616921544075012207e-01,-7.493109256029129028e-02,2.636922001838684082e-01,0.000000000000000000e+00,7.349780797958374023e-01,-2.107312381267547607e-01,6.445149779319763184e-01,0.000000000000000000e+00,2.858933210372924805e-01,-2.494323998689651489e-01,-9.252288937568664551e-01,0.000000000000000000e+00,3.210417628288269043e-01,6.677713394165039062e-01,6.715754866600036621e-01,0.000000000000000000e+00,5.172594189643859863e-01,4.927158355712890625e-02,8.544091582298278809e-01,0.000000000000000000e+00,7.989305257797241211e-01,5.922241806983947754e-01,1.047879680991172791e-01,0.000000000000000000e+00
5.299999713897705078e-01,5.000000074505805969e-02,4.499999880790710449e-01,-1.071786042302846909e-02,7.228631973266601562e-01,4.779200628399848938e-02,9.959095120429992676e-01,9.013853035867214203e-03,8.990526199340820312e-02,0.000000000000000000e+00,9.622670412063598633e-01,-7.236454635858535767e-02,2.623080015182495117e-01,0.000000000000000000e+00,7.348591089248657227e-01,-2.025726139545440674e-01,6.472607254981994629e-01,0.000000000000000000e+00,2.863295078277587891e-01,-2.558659017086029053e-01,-9.233353137969970703e-01,0.000000000000000000e+00,3.193011879920959473e-01,6.738360524177551270e-01,6.663270592689514160e-01,0.000000000000000000e+00,5.189946889877319336e-01,6.286598742008209229e-02,8.524625301361083984e-01,0.000000000000000000e+00,7.961456775665283203e-01,5.971755981445312500e-01,9.763877093791961670e-02,0.000000000000000000e+00
5.299999713897705078e-01,5.000000074505805969e-02,4.499999880790710449e-01,-9.932741522789001465e-03,7.232850193977355957e-01,4.771542176604270935e-02,9.958350062370300293e-01,9.261080995202064514e-03,9.070239961147308350e-02,0.000000000000000000e+00,9.631590247154235840e-01,-6.857514381408691406e-02,2.600424587726593018e-01,0.000000000000000000e+00,7.345327138900756836e-01,-1.915683299303054810e-01,6.509710550308227539e-01,0.000000000000000000e+00,2.867274284362792969e-01,-2.658780813217163086e-01,-9.203783273696899414e-01,0.000000000000000000e+00,3.175352215766906738e-01,6.825320124626159668e-01,6.582715511322021484e-01,0.000000000000000000e+00,5.213242769241333008e-01,8.114219456911087036e-02,8.494921326637268066e-01,0.000000000000000000e+00,7.919015288352966309e-01,6.042197942733764648e-01,8.837631344795227051e-02,0.000000000000000000e+00
5.299999713897705078e-01,5.000000074505805969e-02,4.499999880790710449e-01,-9.364272467792034149e-03,7.235904932022094727e-01,4.765996709465980530e-02,9.957793354988098145e-01,9.440058842301368713e-03,9.129294008016586304e-02,0.000000000000000000e+00,9.638014435768127441e-01,-6.578851491212844849e-02,2.583769559860229492e-01,0.000000000000000000e+00,7.341569066047668457e-01,-1.835198551416397095e-01,6.537079811096191406e-01,0.000000000000000000e+00,2.869524955749511719e-01,-2.733131051063537598e-01,-9.181275367736816406e-01,0.000000000000000000e+00,3.164082467555999756e-01,6.888529658317565918e-01,6.522019505500793457e-01,0.000000000000000000e+00,5.227581858634948730e-01,9.445101767778396606e-02,8.472324609756469727e-01,0.000000000000000000e+00,7.888619899749755859e-01,6.091308593750000000e-01,8.158661425113677979e-02,0.000000000000000000e+00
5.299999713897705078e-01,5.000000074505805969e-02,4.499999880790710449e-01,-8.753773756325244904e-03,7.239297032356262207e-01,4.756247997283935547e-02,9.957293868064880371e-01,9.694145992398262024e-03,9.180969744920730591e-02,0.000000000000000000e+00,9.643824100494384766e-01,-6.320270895957946777e-02,2.568501830101013184e-01,0.000000000000000000e+00,7.337786555290222168e-01,-1.753435432910919189e-01,6.563714742660522461e-01,0.000000000000000000e+00,2.871825695037841797e-01,-2.812399268150329590e-01,-9.156583547592163086e-01,0.000000000000000000e+00,3.152885138988494873e-01,6.951586008071899414e-01,6.460245251655578613e-01,0.000000000000000000e+00,5.243242979049682617e-01,1.080205515027046204e-01,8.446393609046936035e-01,0.000000000000000000e+00,7.855074405670166016e-01,6.142859458923339844e-01,7.503883540630340576e-02,0.000000000000000000e+00
5.299999713897705078e-01,5.000000074505805969e-02,4.499999880790710449e-01,-7.967888377606868744e-03,7.243664264678955078e-01,4.743698984384536743e-02,9.956709742546081543e-01,1.013760268688201904e-02,9.239357709884643555e-02,0.000000000000000000e+00,9.650712013244628906e-01,-6.004411354660987854e-02,2.550142109394073486e-01,0.000000000000000000e+00,7.332667112350463867e-01,-1.642820388078689575e-01,6.597964167594909668e-01,0.000000000000000000e+00,2.874817252159118652e-01,-2.924709022045135498e-01,-9.120389223098754883e-01,0.000000000000000000e+00,3.138203620910644531e-01,7.035120725631713867e-01,6.376422047615051270e-01,0.000000000000000000e+00,5.265266299247741699e-01,1.264452189207077026e-01,8.407028913497924805e-01,0.000000000000000000e+00,7.806328535079956055e-01,6.214249134063720703e-01,6.665918231010437012e-02,0.000000000000000000e+00
5.299999713897705078e-01,5.000000074505805969e-02,4.499999880790710449e-01,-7.398863788694143295e-03,7.246825695037841797e-01,4.734612628817558289e-02,9.956286549568176270e-01,1.046378258615732193e-02,9.281232208013534546e-02,0.000000000000000000e+00,9.655522704124450684e-01,-5.777360126376152039e-02,2.537145316600799561e-01,0.000000000000000000e+00,7.327958345413208008e-01,-1.561898738145828247e-01,6.622801423072814941e-01,0.000000000000000000e+00,2.876504361629486084e-01,-3.006376326084136963e-01,-9.093262553215026855e-01,0.000000000000000000e+00,3.128517866134643555e-01,7.094924449920654297e-01,6.314619183540344238e-01,0.000000000000000000e+00,5.278767943382263184e-01,1.398674249649047852e-01,8.377249836921691895e-01,0.000000000000000000e+00,7.771741747856140137e-01,6.263681650161743164e-01,6.052457168698310852e-02,0.000000000000000000e+00
5.299999713897705078e-01,5.000000074505805969e-02,4.499999880790710449e-01,-6.826605182141065598e-03,7.249535322189331055e-01,4.725716635584831238e-02,9.955813288688659668e-01,1.071385759860277176e-02,9.329035133123397827e-02,0.000000000000000000e+00,9.661020040512084961e-01,-5.527528747916221619e-02,2.521735727787017822e-01,0.000000000000000000e+00,7.321709394454956055e-01,-1.481498926877975464e-01,6.648137569427490234e-01,0.000000000000000000e+00,2.878825068473815918e-01,-3.091204464435577393e-01,-9.064040184020996094e-01,0.000000000000000000e+00,3.120630085468292236e-01,7.156370282173156738e-01,6.248842477798461914e-01,0.000000000000000000e+00,5.294107198715209961e-01,1.533740311861038208e-01,8.343864083290100098e-01,0.000000000000000000e+00,7.733516693115234375e-01,6.316171288490295410e-01,5.465309694409370422e-02,0.000000000000000000e+00
5.299999713897705078e-01,5.000000074505805969e-02,4.499999880790710449e-01,-6.089944858103990555e-03,7.253022789955139160e-01,4.714264720678329468e-02,9.955112338066101074e-01,1.093965675681829453e-02,9.400933980941772461e-02,0.000000000000000000e+00,9.669223427772521973e-01,-5.163366720080375671e-02,2.497901767492294312e-01,0.000000000000000000e+00,7.311311364173889160e-01,-1.375406682491302490e-01,6.682289242744445801e-01,0.000000000000000000e+00,2.882553935050964355e-01,-3.208449780941009521e-01,-9.022013545036315918e-01,0.000000000000000000e+00,3.112337887287139893e-01,7.240290045738220215e-01,6.155611276626586914e-01,0.000000000000000000e+00,5.316393375396728516e-01,1.714644283056259155e-01,8.294332623481750488e-01,0.000000000000000000e+00,7.677930593490600586e-01,6.389566063880920410e-01,4.720461368560791016e-02,0.000000000000000000e+00
5.299999713897705078e-01,5.000000074505805969e-02,4.499999880790710449e-01,-5.732572637498378754e-03,7.254714369773864746e-01,4.708709195256233215e-02,9.954767823219299316e-01,1.104636117815971375e-02,9.436086565256118774e-02,0.000000000000000000e+00,9.673128128051757812e-01,-4.985976591706275940e-02,2.486361414194107056e-01,0.000000000000000000e+00,7.305861711502075195e-01,-1.323491483926773071e-01,6.698712706565856934e-01,0.000000000000000000e+00,2.884054183959960938e-01,-3.265493214130401611e-01,-9.001043438911437988e-01,0.000000000000000000e+00,3.108593523502349854e-01,7.280722260475158691e-01,6.109642386436462402e-01,0.000000000000000000e+00,5.326347351074218750e-01,1.803313791751861572e-01,8.269104361534118652e-01,0.000000000000000000e+00,7.650632262229919434e-01,6.424782872200012207e-01,4.358882829546928406e-02,0.000000000000000000e+00
5.299999713897705078e-01,5.000000074505805969e-02,4.499999880790710449e-01,-5.031685344874858856e-03,7.257357835769653320e-01,4.703814163804054260e-02,9.953993558883666992e-01,1.110688038170337677e-02,9.516677260398864746e-02,0.000000000000000000e+00,9.682269096374511719e-01,-4.604382440447807312e-02,2.457978725433349609e-01,0.000000000000000000e+00,7.293779850006103516e-01,-1.221003010869026184e-01,6.731265187263488770e-01,0.000000000000000000e+00,2.884798049926757812e-01,-3.383763134479522705e-01,-8.957013487815856934e-01,0.000000000000000000e+00,3.102598488330841064e-01,7.362475395202636719e-01,6.013970375061035156e-01,0.000000000000000000e+00,5.350349545478820801e-01,1.983347088098526001e-01,8.212191462516784668e-01,0.000000000000000000e+00,7.586060166358947754e-01,6.505026221275329590e-01,3.692219406366348267e-02,0.000000000000000000e+00
5.299999713897705078e-01,5.000000074505805969e-02,4.499999880790710449e-01,-4.524203948676586151e-03,7.259271740913391113e-01,4.700269550085067749e-02,9.953371286392211914e-01,1.106730755418539047e-02,9.582035243511199951e-02,0.000000000000000000e+00,9.689650535583496094e-01,-4.307133704423904419e-02,2.434163987636566162e-01,0.000000000000000000e+00,7.283828258514404297e-01,-1.146607175469398499e-01,6.755082607269287109e-01,0.000000000000000000e+00,2.884113192558288574e-01,-3.473604619503021240e-01,-8.922777771949768066e-01,0.000000000000000000e+00,3.098942637443542480e-01,7.423249483108520508e-01,5.940700173377990723e-01,0.000000000000000000e+00,5.366736650466918945e-01,2.115936875343322754e-01,8.168289065361022949e-01,0.000000000000000000e+00,7.537761330604553223e-01,6.563447713851928711e-01,3.214051574468612671e-02,0.000000000000000000e+00
5.299999713897705078e-01,5.000000074505805969e-02,4.499999880790710449e-01,-4.037725739181041718e-03,7.260910272598266602e-01,4.697272181510925293e-02,9.952753782272338867e-01,1.101807504892349243e-02,9.646509587764739990e-02,0.000000000000000000e+00,9.696734547615051270e-01,-4.016763716936111450e-02,2.410808652639389038e-01,0.000000000000000000e+00,7.273662686347961426e-01,-1.074376106262207031e-01,6.777871847152709961e-01,0.000000000000000000e+00,2.883499562740325928e-01,-3.561256825923919678e-01,-8.888356685638427734e-01,0.000000000000000000e+00,3.095238208770751953e-01,7.481839060783386230e-01,5.868695378303527832e-01,0.000000000000000000e+00,5.380577445030212402e-01,2.245366424322128296e-01,8.124513030052185059e-01,0.000000000000000000e+00,7.491481900215148926e-01,6.618313789367675781e-01,2.749849297106266022e-02,0.000000000000000000e+00
5.299999713897705078e-01,5.000000074505805969e-02,4.499999880790710449e-01,-3.426989540457725525e-03,7.262449264526367188e-01,4.694567993283271790e-02,9.951801896095275879e-01,1.078678946942090988e-02,9.746818989515304565e-02,0.000000000000000000e+00,9.707585573196411133e-01,-3.601602837443351746e-02,2.373408079147338867e-01,0.000000000000000000e+00,7.258716225624084473e-01,-9.825123846530914307e-02,6.807768344879150391e-01,0.000000000000000000e+00,2.885793149471282959e-01,-3.683991730213165283e-01,-8.837442994117736816e-01,0.000000000000000000e+00,3.086669147014617920e-01,7.560332417488098145e-01,5.771815180778503418e-01,0.000000000000000000e+00,5.398409366607666016e-01,2.420368790626525879e-01,8.062195181846618652e-01,0.000000000000000000e+00,7.418871521949768066e-01,6.701599955558776855e-01,2.211257442831993103e-02,0.000000000000000000e+00
5.299999713897705078e-01,5.000000074505805969e-02,4.499999880790710449e-01,-2.840318484231829643e-03,7.263928055763244629e-01,4.691970348358154297e-02,9.950829744338989258e-01,1.051126047968864441e-02,9.848566353321075439e-02,0.000000000000000000e+00,9.718210697174072266e-01,-3.190574049949645996e-02,2.335506081581115723e-01,0.000000000000000000e+00,7.243468761444091797e-01,-8.946489542722702026e-02,6.836063265800476074e-01,0.000000000000000000e+00,2.888236939907073975e-01,-3.804788887500762939e-01,-8.785309791564941406e-01,0.000000000000000000e+00,3.077911734580993652e-01,7.635737061500549316e-01,5.676440596580505371e-01,0.000000000000000000e+00,5.412954688072204590e-01,2.591387927532196045e-01,7.999039292335510254e-01,0.000000000000000000e+00,7.347652912139892578e-01,6.781063675880432129e-01,1.707962527871131897e-02,0.000000000000000000e+00
5.299999713897705078e-01,5.000000074505805969e-02,4.499999880790710449e-01,-2.392664784565567970e-03,7.264863252639770508e-01,4.693834483623504639e-02,9.950096607208251953e-01,1.028388272970914841e-02,9.924737364053726196e-02,0.000000000000000000e+00,9.726069569587707520e-01,-2.882776781916618347e-02,2.306612581014633179e-01,0.000000000000000000e+00,7.231851220130920410e-01,-8.316153287887573242e-02,6.856292486190795898e-01,0.000000000000000000e+00,2.890161871910095215e-01,-3.894177675247192383e-01,-8.745418787002563477e-01,0.000000000000000000e+00,3.071925342082977295e-01,7.690042853355407715e-01,5.605935454368591309e-01,0.000000000000000000e+00,5.423961281776428223e-01,2.715924084186553955e-01,7.950119376182556152e-01,0.000000000000000000e+00,7.294899225234985352e-01,6.838564872741699219e-01,1.359263993799686432e-02,0.000000000000000000e+00
5.299999713897705078e-01,5.000000074505805969e-02,4.499999880790710449e-01,-1.801462145522236824e-03,7.265978455543518066e-01,4.698681831359863281e-02,9.949052333831787109e-01,9.880762547254562378e-03,1.003293544054031372e-01,0.000000000000000000e+00,9.737536907196044922e-01,-2.444058284163475037e-02,2.262883335351943970e-01,0.000000000000000000e+00,7.215328216552734375e-01,-7.528332620859146118e-02,6.882752776145935059e-01,0.000000000000000000e+00,2.894462049007415771e-01,-4.017444252967834473e-01,-8.688051104545593262e-01,0.000000000000000000e+00,3.064260780811309814e-01,7.760955095291137695e-01,5.511613488197326660e-01,0.000000000000000000e+00,5.445172786712646484e-01,2.878570556640625000e-01,7.878066301345825195e-01,0.000000000000000000e+00,7.216317653656005859e-01,6.922072768211364746e-01,9.831200353801250458e-03,0.000000000000000000e+00
5.299999713897705078e-01,5.000000074505805969e-02,4.499999880790710449e-01,-1.373398816213011742e-03,7.266785502433776855e-01,4.702191427350044250e-02,9.948278069496154785e-01,9.576422162353992462e-03,1.011233031749725342e-01,0.000000000000000000e+00,9.745703339576721191e-01,-2.122176624834537506e-02,2.230745404958724976e-01,0.000000000000000000e+00,7.203115224838256836e-01,-6.961442530155181885e-02,6.901486515998840332e-01,0.000000000000000000e+00,2.897142469882965088e-01,-4.107403159141540527e-01,-8.644987344741821289e-01,0.000000000000000000e+00,3.059068322181701660e-01,7.811752557754516602e-01,5.442299246788024902e-01,0.000000000000000000e+00,5.459099411964416504e-01,2.996756434440612793e-01,7.824172973632812500e-01,0.000000000000000000e+00,7.160662412643432617e-01,6.979955434799194336e-01,7.167084142565727234e-03,0.000000000000000000e+00
5.299999713897705078e-01,5.000000074505805969e-02,4.499999880790710449e-01,-9.595468291081488132e-04,7.267059683799743652e-01,4.703653976321220398e-02,9.947490096092224121e-01,9.224914945662021637e-03,1.019281521439552307e-01,0.000000000000000000e+00,9.753929972648620605e-01,-1.793452538549900055e-02,2.197427451610565186e-01,0.000000000000000000e+00,7.191190123558044434e-01,-6.412222981452941895e-02,6.919221282005310059e-01,0.000000000000000000e+00,2.898525297641754150e-01,-4.193597137928009033e-01,-8.603039979934692383e-01,0.000000000000000000e+00,3.051523864269256592e-01,7.861160635948181152e-01,5.374975204467773438e-01,0.000000000000000000e+00,5.478451251983642578e-01,3.111933469772338867e-01,7.765464782714843750e-01,0.000000000000000000e+00,7.102910280227661133e-01,7.038921713829040527e-01,4.736874718219041824e-03,0.000000000000000000e+00
5.299999713897705078e-01,5.000000074505805969e-02,4.499999880790710449e-01,-4.277797124814242125e-04,7.267079949378967285e-01,4.704267904162406921e-02,9.946339130401611328e-01,8.549281395971775055e-03,1.031030640006065369e-01,0.000000000000000000e+00,9.766242504119873047e-01,-1.303652022033929825e-02,2.145578563213348389e-01,0.000000000000000000e+00,7.175277471542358398e-01,-5.710398405790328979e-02,6.941851973533630371e-01,0.000000000000000000e+00,2.897159755229949951e-01,-4.300698935985565186e-01,-8.550465106964111328e-01,0.000000000000000000e+00,3.031954467296600342e-01,7.926554679870605469e-01,5.289327502250671387e-01,0.000000000000000000e+00,5.510585308074951172e-01,3.261053264141082764e-01,7.681079506874084473e-01,0.000000000000000000e+00,7.023683786392211914e-01,7.118112444877624512e-01,1.834470196627080441e-03,0.000000000000000000e+00
5.299999713897705078e-01,5.000000074505805969e-02,4.499999880790710449e-01,-4.275100945960730314e-05,7.267094254493713379e-01,4.704712331295013428e-02,9.945481419563293457e-01,8.035018108785152435e-03,1.039683520793914795e-01,0.000000000000000000e+00,9.774993658065795898e-01,-9.419267065823078156e-03,2.107278108596801758e-01,0.000000000000000000e+00,7.163692712783813477e-01,-5.204097926616668701e-02,6.957778334617614746e-01,0.000000000000000000e+00,2.895770370960235596e-01,-4.377585351467132568e-01,-8.511830568313598633e-01,0.000000000000000000e+00,3.018130362033843994e-01,7.973231673240661621e-01,5.226706862449645996e-01,0.000000000000000000e+00,5.531141757965087891e-01,3.369303345680236816e-01,7.619335055351257324e-01,0.000000000000000000e+00,6.969057917594909668e-01,7.171626687049865723e-01,-2.710628323256969452e-04,0.000000000000000000e+00
5.299999713897705078e-01,5.000000074505805969e-02,4.499999880790710449e-01,4.288448835723102093e-04,7.266621589660644531e-01,4.705134779214859009e-02,9.944642782211303711e-01,7.476481609046459198e-03,1.048087179660797119e-01,0.000000000000000000e+00,9.783998727798461914e-01,-5.854536779224872589e-03,2.066384553909301758e-01,0.000000000000000000e+00,7.151617407798767090e-01,-4.728528857231140137e-02,6.973577141761779785e-01,0.000000000000000000e+00,2.896207869052886963e-01,-4.456019401550292969e-01,-8.470883965492248535e-01,0.000000000000000000e+00,3.006917834281921387e-01,8.019228577613830566e-01,5.162403583526611328e-01,0.000000000000000000e+00,5.549517273902893066e-01,3.475639224052429199e-01,7.557961940765380859e-01,0.000000000000000000e+00,6.916174888610839844e-01,7.222610116004943848e-01,-2.082895254716277122e-03,0.000000000000000000e+00
5.299999713897705078e-01,5.000000074505805969e-02,4.499999880790710449e-01,1.183917629532516003e-03,7.265864610671997070e-01,4.705811291933059692e-02,9.943284988403320312e-01,6.473662331700325012e-03,1.061553135514259338e-01,0.000000000000000000e+00,9.799140691757202148e-01,-4.703456943389028311e-05,1.994202136993408203e-01,0.000000000000000000e+00,7.130974531173706055e-01,-3.996543213725090027e-02,6.999248266220092773e-01,0.000000000000000000e+00,2.899487316608428955e-01,-4.588483870029449463e-01,-8.398737311363220215e-01,0.000000000000000000e+00,2.992678284645080566e-01,8.093981146812438965e-01,5.052855610847473145e-01,0.000000000000000000e+00,5.575616359710693359e-01,3.648234605789184570e-01,7.456734180450439453e-01,0.000000000000000000e+00,6.832768321037292480e-01,7.301452159881591797e-01,-4.559113178402185440e-03,0.000000000000000000e+00
5.299999713897705078e-01,5.000000074505805969e-02,4.499999880790710449e-01,1.619080314412713051e-03,7.265428304672241211e-01,4.706200957298278809e-02,9.942490458488464355e-01,5.892351269721984863e-03,1.069303676486015320e-01,0.000000000000000000e+00,9.807444810867309570e-01,3.300657961517572403e-03,1.952674835920333862e-01,0.000000000000000000e+00,7.119256258010864258e-01,-3.577272966504096985e-02,7.013431787490844727e-01,0.000000000000000000e+00,2.900910675525665283e-01,-4.664733707904815674e-01,-8.356134295463562012e-01,0.000000000000000000e+00,2.985424697399139404e-01,8.136247396469116211e-01,4.988859593868255615e-01,0.000000000000000000e+00,5.588124394416809082e-01,3.747871220111846924e-01,7.397724390029907227e-01,0.000000000000000000e+00,6.787959933280944824e-01,7.343025803565979004e-01,-5.979753565043210983e-03,0.000000000000000000e+00
5.299999713897705078e-01,5.000000074505805969e-02,4.499999880790710449e-01,2.315819729119539261e-03,7.264729738235473633e-01,4.706825315952301025e-02,9.941200613975524902e-01,4.961033817380666733e-03,1.081695109605789185e-01,0.000000000000000000e+00,9.820046424865722656e-01,8.658472448587417603e-03,1.886581033468246460e-01,0.000000000000000000e+00,7.100882530212402344e-01,-2.908977679908275604e-02,7.035114765167236328e-01,0.000000000000000000e+00,2.902441918849945068e-01,-4.786323308944702148e-01,-8.286551833152770996e-01,0.000000000000000000e+00,2.975051701068878174e-01,8.202583789825439453e-01,4.885354638099670410e-01,0.000000000000000000e+00,5.604574680328369141e-01,3.907451629638671875e-01,7.302092909812927246e-01,0.000000000000000000e+00,6.721422672271728516e-01,7.403759360313415527e-01,-8.260284550487995148e-03,0.000000000000000000e+00
5.299999713897705078e-01,5.000000074505805969e-02,4.499999880790710449e-01,2.717363648116588593e-03,7.264326810836791992e-01,4.707184806466102600e-02,9.940447807312011719e-01,4.423979204148054123e-03,1.088825687766075134e-01,0.000000000000000000e+00,9.826927185058593750e-01,1.174557115882635117e-02,1.848702430725097656e-01,0.000000000000000000e+00,7.090532779693603516e-01,-2.525581978261470795e-02,7.047024965286254883e-01,0.000000000000000000e+00,2.902954220771789551e-01,-4.856101572513580322e-01,-8.245673775672912598e-01,0.000000000000000000e+00,2.969710230827331543e-01,8.240075111389160156e-01,4.825140833854675293e-01,0.000000000000000000e+00,5.612207651138305664e-01,3.999391794204711914e-01,7.246239781379699707e-01,0.000000000000000000e+00,6.685984134674072266e-01,7.435620427131652832e-01,-9.576802141964435577e-03,0.000000000000000000e+00
5.299999713897705078e-01,5.000000074505805969e-02,4.499999880790710449e-01,2.978411968797445297e-03,7.264065146446228027e-01,4.707418754696846008e-02,9.939954280853271484e-01,4.074710886925458908e-03,1.093456819653511047e-01,0.000000000000000000e+00,9.831253290176391602e-01,1.375242322683334351e-02,1.824157536029815674e-01,0.000000000000000000e+00,7.083905935287475586e-01,-2.277048677206039429e-02,7.054532766342163086e-01,0.000000000000000000e+00,2.903158068656921387e-01,-4.901342093944549561e-01,-8.218790888786315918e-01,0.000000000000000000e+00,2.966468930244445801e-01,8.264161348342895508e-01,4.785781502723693848e-01,0.000000000000000000e+00,5.616495609283447266e-01,4.059130847454071045e-01,7.209606766700744629e-01,0.000000000000000000e+00,6.664077639579772949e-01,7.455145120620727539e-01,-1.043318957090377808e-02,0.000000000000000000e+00
5.299999713897705078e-01,5.000000074505805969e-02,4.499999880790710449e-01,3.258950309827923775e-03,7.261773347854614258e-01,4.718085005879402161e-02,9.939216375350952148e-01,3.827206324785947800e-03,1.100233569741249084e-01,0.000000000000000000e+00,9.838997721672058105e-01,1.589774340391159058e-02,1.780125498771667480e-01,0.000000000000000000e+00,7.075503468513488770e-01,-1.656896248459815979e-02,7.064687013626098633e-01,0.000000000000000000e+00,2.899321913719177246e-01,-5.003432035446166992e-01,-8.158406615257263184e-01,0.000000000000000000e+00,2.959767878055572510e-01,8.316521644592285156e-01,4.698429405689239502e-01,0.000000000000000000e+00,5.623255968093872070e-01,4.174423217773437500e-01,7.138149738311767578e-01,0.000000000000000000e+00,6.618050932884216309e-01,7.495820522308349609e-01,-1.186531502753496170e-02,0.000000000000000000e+00
5.299999713897705078e-01,5.000000074505805969e-02,4.499999880790710449e-01,3.462075488641858101e-03,7.260113954544067383e-01,4.725808277726173401e-02,9.938809275627136230e-01,3.892733016982674599e-03,1.103882342576980591e-01,0.000000000000000000e+00,9.844244718551635742e-01,1.645684801042079926e-02,1.750360280275344849e-01,0.000000000000000000e+00,7.071791887283325195e-01,-1.128921750932931900e-02,7.069442272186279297e-01,0.000000000000000000e+00,2.894414365291595459e-01,-5.085226297378540039e-01,-8.109428882598876953e-01,0.000000000000000000e+00,2.954813241958618164e-01,8.357288837432861328e-01,4.628693461418151855e-01,0.000000000000000000e+00,5.626995563507080078e-01,4.257469177246093750e-01,7.085963487625122070e-01,0.000000000000000000e+00,6.583665013313293457e-01,7.525891661643981934e-01,-1.277053169906139374e-02,0.000000000000000000e+00
5.299999713897705078e-01,5.000000074505805969e-02,4.499999880790710449e-01,3.659167792648077011e-03,7.258503437042236328e-01,4.733302071690559387e-02,9.938413500785827637e-01,3.956304863095283508e-03,1.107418015599250793e-01,0.000000000000000000e+00,9.849219322204589844e-01,1.699985191226005554e-02,1.721621453762054443e-01,0.000000000000000000e+00,7.068117856979370117e-01,-6.163866724818944931e-03,7.073747515678405762e-01,0.000000000000000000e+00,2.889911234378814697e-01,-5.164199471473693848e-01,-8.060983419418334961e-01,0.000000000000000000e+00,2.950334250926971436e-01,8.396229743957519531e-01,4.560575783252716064e-01,0.000000000000000000e+00,5.629832148551940918e-01,4.337909221649169922e-01,7.034737467765808105e-01,0.000000000000000000e+00,6.552330255508422852e-01,7.553035020828247070e-01,-1.364762894809246063e-02,0.000000000000000000e+00
5.299999713897705078e-01,5.000000074505805969e-02,4.499999880790710449e-01,3.785547800362110138e-03,7.257196903228759766e-01,4.736498370766639709e-02,9.937935471534729004e-01,3.934485372155904770e-03,1.111707836389541626e-01,0.000000000000000000e+00,9.855179190635681152e-01,1.796370930969715118e-02,1.686171740293502808e-01,0.000000000000000000e+00,7.063654661178588867e-01,-1.454537617973983288e-03,7.078458070755004883e-01,0.000000000000000000e+00,2.886585593223571777e-01,-5.244974493980407715e-01,-8.009860515594482422e-01,0.000000000000000000e+00,2.951672971248626709e-01,8.435765504837036133e-01,4.486144483089447021e-01,0.000000000000000000e+00,5.633239746093750000e-01,4.414975941181182861e-01,6.983881592750549316e-01,0.000000000000000000e+00,6.524164676666259766e-01,7.577272057533264160e-01,-1.421957276761531830e-02,0.000000000000000000e+00
5.299999713897705078e-01,5.000000074505805969e-02,4.499999880790710449e-01,3.908174112439155579e-03,7.255929112434387207e-01,4.739600047469139099e-02,9.937369823455810547e-01,3.824031678959727287e-03,1.116788014769554138e-01,0.000000000000000000e+00,9.862087368965148926e-01,1.936581358313560486e-02,1.643691956996917725e-01,0.000000000000000000e+00,7.058811783790588379e-01,2.869789954274892807e-03,7.083244919776916504e-01,0.000000000000000000e+00,2.884285449981689453e-01,-5.327781438827514648e-01,-7.955855727195739746e-01,0.000000000000000000e+00,2.958243489265441895e-01,8.476097583770751953e-01,4.405061006546020508e-01,0.000000000000000000e+00,5.637254714965820312e-01,4.488739371299743652e-01,6.933439373970031738e-01,0.000000000000000000e+00,6.498934626579284668e-01,7.598874568939208984e-01,-1.447559706866741180e-02,0.000000000000000000e+00
5.299999713897705078e-01,5.000000074505805969e-02,4.499999880790710449e-01,3.987895324826240540e-03,7.255104780197143555e-01,4.741616547107696533e-02,9.936996102333068848e-01,3.747456008568406105e-03,1.120136007666587830e-01,0.000000000000000000e+00,9.866520166397094727e-01,2.030229009687900543e-02,1.615724265575408936e-01,0.000000000000000000e+00,7.056081295013427734e-01,5.705104209482669830e-03,7.085793018341064453e-01,0.000000000000000000e+00,2.882818281650543213e-01,-5.381647348403930664e-01,-7.920052409172058105e-01,0.000000000000000000e+00,2.962300479412078857e-01,8.502205610275268555e-01,4.351698458194732666e-01,0.000000000000000000e+00,5.639528036117553711e-01,4.536581039428710938e-01,6.900373697280883789e-01,0.000000000000000000e+00,6.483433842658996582e-01,7.612075805664062500e-01,-1.462491881102323532e-02,0.000000000000000000e+00
5.299999713897705078e-01,5.000000074505805969e-02,4.499999880790710449e-01,4.134750459343194962e-03,7.253981232643127441e-01,4.743078723549842834e-02,9.936410784721374512e-01,3.588794264942407608e-03,1.125368177890777588e-01,0.000000000000000000e+00,9.873106479644775391e-01,2.187190577387809753e-02,1.572872847318649292e-01,0.000000000000000000e+00,7.052541375160217285e-01,9.831087663769721985e-03,7.088863849639892578e-01,0.000000000000000000e+00,2.880410254001617432e-01,-5.460138916969299316e-01,-7.867027521133422852e-01,0.000000000000000000e+00,2.967592179775238037e-01,8.540059328079223633e-01,4.273263216018676758e-01,0.000000000000000000e+00,5.643641352653503418e-01,4.606364071369171143e-01,6.850600242614746094e-01,0.000000000000000000e+00,6.462684273719787598e-01,7.629725337028503418e-01,-1.449292339384555817e-02,0.000000000000000000e+00
5.299999713897705078e-01,5.000000074505805969e-02,4.499999880790710449e-01,4.343552980571985245e-03,7.252588272094726562e-01,4.743989557027816772e-02,9.935505986213684082e-01,3.199083264917135239e-03,1.133444830775260925e-01,0.000000000000000000e+00,9.882298111915588379e-01,2.468362078070640564e-02,1.509722024202346802e-01,0.000000000000000000e+00,7.047482728958129883e-01,1.486708689481019974e-02,7.093016505241394043e-01,0.000000000000000000e+00,2.876411080360412598e-01,-5.560667514801025391e-01,-7.797771692276000977e-01,0.000000000000000000e+00,2.973502278327941895e-01,8.588216304779052734e-01,4.171429872512817383e-01,0.000000000000000000e+00,5.649741888046264648e-01,4.695903658866882324e-01,6.784460544586181641e-01,0.000000000000000000e+00,6.438982486724853516e-01,7.649863958358764648e-01,-1.381482370197772980e-02,0.000000000000000000e+00
5.299999713897705078e-01,5.000000074505805969e-02,4.499999880790710449e-01,4.515086766332387924e-03,7.251840233802795410e-01,4.742869362235069275e-02,9.934823513031005859e-01,2.887674840167164803e-03,1.139492616057395935e-01,0.000000000000000000e+00,9.888811111450195312e-01,2.686106599867343903e-02,1.462621092796325684e-01,0.000000000000000000e+00,7.044696807861328125e-01,1.857103966176509857e-02,7.094910740852355957e-01,0.000000000000000000e+00,2.873253822326660156e-01,-5.632643699645996094e-01,-7.747111320495605469e-01,0.000000000000000000e+00,2.976798415184020996e-01,8.622572422027587891e-01,4.097550511360168457e-01,0.000000000000000000e+00,5.653497576713562012e-01,4.760597050189971924e-01,6.736073493957519531e-01,0.000000000000000000e+00,6.423372626304626465e-01,7.663072943687438965e-01,-1.326328050345182419e-02,0.000000000000000000e+00
5.299999713897705078e-01,5.000000074505805969e-02,4.499999880790710449e-01,4.789085127413272858e-03,7.251555323600769043e-01,4.736775904893875122e-02,9.933837056159973145e-01,2.353224670514464378e-03,1.148186624050140381e-01,0.000000000000000000e+00,9.897831678390502930e-01,3.049373999238014221e-02,1.392815858125686646e-01,0.000000000000000000e+00,7.041690945625305176e-01,2.335143461823463440e-02,7.096482515335083008e-01,0.000000000000000000e+00,2.865500748157501221e-01,-5.718970298767089844e-01,-7.686499953269958496e-01,0.000000000000000000e+00,2.976399958133697510e-01,8.665648102760314941e-01,4.005944430828094482e-01,0.000000000000000000e+00,5.658714771270751953e-01,4.843380749225616455e-01,6.672376394271850586e-01,0.000000000000000000e+00,6.407671570777893066e-01,7.676416039466857910e-01,-1.199431903660297394e-02,0.000000000000000000e+00
5.299999713897705078e-01,5.000000074505805969e-02,4.499999880790710449e-01,5.052287131547927856e-03,7.251281738281250000e-01,4.730922728776931763e-02,9.932847619056701660e-01,1.797360368072986603e-03,1.156814098358154297e-01,0.000000000000000000e+00,9.906191229820251465e-01,3.425003215670585632e-02,1.322900205850601196e-01,0.000000000000000000e+00,7.040002942085266113e-01,2.808837220072746277e-02,7.096440196037292480e-01,0.000000000000000000e+00,2.857635319232940674e-01,-5.799420475959777832e-01,-7.628934383392333984e-01,0.000000000000000000e+00,2.974634766578674316e-01,8.706060051918029785e-01,3.918682038784027100e-01,0.000000000000000000e+00,5.663058161735534668e-01,4.922627806663513184e-01,6.610409021377563477e-01,0.000000000000000000e+00,6.394800543785095215e-01,7.687346339225769043e-01,-1.059631351381540298e-02,0.000000000000000000e+00
5.299999713897705078e-01,5.000000074505805969e-02,4.499999880790710449e-01,5.162576679140329361e-03,7.251247763633728027e-01,4.727750644087791443e-02,9.932351112365722656e-01,1.519971177913248539e-03,1.161107867956161499e-01,0.000000000000000000e+00,9.910052418708801270e-01,3.610946610569953918e-02,1.288592517375946045e-01,0.000000000000000000e+00,7.039703130722045898e-01,3.044449910521507263e-02,7.095765471458435059e-01,0.000000000000000000e+00,2.853975892066955566e-01,-5.837875604629516602e-01,-7.600923180580139160e-01,0.000000000000000000e+00,2.973640561103820801e-01,8.725327849388122559e-01,3.876354098320007324e-01,0.000000000000000000e+00,5.664871335029602051e-01,4.960957765579223633e-01,6.580131649971008301e-01,0.000000000000000000e+00,6.389043331146240234e-01,7.692226171493530273e-01,-9.891302324831485748e-03,0.000000000000000000e+00
5.299999713897705078e-01,5.000000074505805969e-02,4.499999880790710449e-01,5.342513322830200195e-03,7.251373529434204102e-01,4.720943793654441833e-02,9.931181073188781738e-01,8.672648691572248936e-04,1.171137243509292603e-01,0.000000000000000000e+00,9.917646050453186035e-01,4.024859517812728882e-02,1.215852275490760803e-01,0.000000000000000000e+00,7.040534615516662598e-01,3.499141708016395569e-02,7.092843651771545410e-01,0.000000000000000000e+00,2.845253646373748779e-01,-5.907049775123596191e-01,-7.550582289695739746e-01,0.000000000000000000e+00,2.969847321510314941e-01,8.761572837829589844e-01,3.796689510345458984e-01,0.000000000000000000e+00,5.668842792510986328e-01,5.034543275833129883e-01,6.520551443099975586e-01,0.000000000000000000e+00,6.379511356353759766e-01,7.700338959693908691e-01,-8.135558106005191803e-03,0.000000000000000000e+00
5.299999713897705078e-01,5.000000074505805969e-02,4.499999880790710449e-01,5.515359807759523392e-03,7.251494526863098145e-01,4.714405164122581482e-02,9.929978847503662109e-01,2.022212138399481773e-04,1.181317344307899475e-01,0.000000000000000000e+00,9.924429655075073242e-01,4.440717399120330811e-02,1.143897026777267456e-01,0.000000000000000000e+00,7.042586803436279297e-01,3.947377204895019531e-02,7.088452577590942383e-01,0.000000000000000000e+00,2.837169468402862549e-01,-5.971293449401855469e-01,-7.502940893173217773e-01,0.000000000000000000e+00,2.965909838676452637e-01,8.795451521873474121e-01,3.720673322677612305e-01,0.000000000000000000e+00,5.672153830528259277e-01,5.104842782020568848e-01,6.462758779525756836e-01,0.000000000000000000e+00,6.371452808380126953e-01,7.707177996635437012e-01,-6.319586653262376785e-03,0.000000000000000000e+00
5.299999713897705078e-01,5.000000074505805969e-02,4.499999880790710449e-01,5.557496566325426102e-03,7.251524329185485840e-01,4.712811112403869629e-02,9.929684400558471680e-01,4.004124639322981238e-05,1.183796077966690063e-01,0.000000000000000000e+00,9.925976991653442383e-01,4.542241618037223816e-02,1.126346066594123840e-01,0.000000000000000000e+00,7.043235898017883301e-01,4.059122502803802490e-02,7.087175846099853516e-01,0.000000000000000000e+00,2.835350632667541504e-01,-5.986872911453247070e-01,-7.491204142570495605e-01,0.000000000000000000e+00,2.965005636215209961e-01,8.803598284721374512e-01,3.702080547809600830e-01,0.000000000000000000e+00,5.672835707664489746e-01,5.121952295303344727e-01,6.448607444763183594e-01,0.000000000000000000e+00,6.369600892066955566e-01,7.708743810653686523e-01,-5.876618903130292892e-03,0.000000000000000000e+00
5.299999713897705078e-01,5.000000074505805969e-02,4.499999880790710449e-01,5.713205784559249878e-03,7.252015471458435059e-01,4.718822985887527466e-02,9.928386807441711426e-01,-6.517769070342183113e-04,1.194609627127647400e-01,0.000000000000000000e+00,9.931865930557250977e-01,4.971108213067054749e-02,1.054003611207008362e-01,0.000000000000000000e+00,7.047511339187622070e-01,4.492321237921714783e-02,7.080308794975280762e-01,0.000000000000000000e+00,2.830128967761993408e-01,-6.042038798332214355e-01,-7.448767423629760742e-01,0.000000000000000000e+00,2.959169447422027588e-01,8.834036588668823242e-01,3.633608818054199219e-01,0.000000000000000000e+00,5.674517750740051270e-01,5.188959836959838867e-01,6.393319964408874512e-01,0.000000000000000000e+00,6.363330483436584473e-01,7.714042067527770996e-01,-3.972444683313369751e-03,0.000000000000000000e+00
5.299999713897705078e-01,5.000000074505805969e-02,4.499999880790710449e-01,5.825948435813188553e-03,7.252370715141296387e-01,4.723175615072250366e-02,9.927358627319335938e-01,-1.186460372991859913e-03,1.203082799911499023e-01,0.000000000000000000e+00,9.935808777809143066e-01,5.300706252455711365e-02,9.993624687194824219e-02,0.000000000000000000e+00,7.051803469657897949e-01,4.808804765343666077e-02,7.073953747749328613e-01,0.000000000000000000e+00,2.827484905719757080e-01,-6.078730821609497070e-01,-7.419862747192382812e-01,0.000000000000000000e+00,2.953978776931762695e-01,8.855105042457580566e-01,3.586240708827972412e-01,0.000000000000000000e+00,5.675060153007507324e-01,5.237543582916259766e-01,6.353095769882202148e-01,0.000000000000000000e+00,6.359452009201049805e-01,7.717301845550537109e-01,-2.493274863809347153e-03,0.000000000000000000e+00
5.299999713897705078e-01,5.000000074505805969e-02,4.499999880790710449e-01,5.936513189226388931e-03,7.252803444862365723e-01,4.729496315121650696e-02,9.926343560218811035e-01,-1.708904630504548550e-03,1.211368143558502197e-01,0.000000000000000000e+00,9.939276576042175293e-01,5.622705817222595215e-02,9.458492696285247803e-02,0.000000000000000000e+00,7.055790424346923828e-01,5.122725665569305420e-02,7.067772150039672852e-01,0.000000000000000000e+00,2.825118601322174072e-01,-6.113895177841186523e-01,-7.391819357872009277e-01,0.000000000000000000e+00,2.949535250663757324e-01,8.875181674957275391e-01,3.539970219135284424e-01,0.000000000000000000e+00,5.675189495086669922e-01,5.284522771835327148e-01,6.313955783843994141e-01,0.000000000000000000e+00,6.356411576271057129e-01,7.719840407371520996e-01,-9.821556741371750832e-04,0.000000000000000000e+00
5.299999713897705078e-01,5.000000074505805969e-02,4.499999880790710449e-01,6.081904284656047821e-03,7.253587841987609863e-01,4.743114486336708069e-02,9.924877285957336426e-01,-2.435244852676987648e-03,1.223198398947715759e-01,0.000000000000000000e+00,9.943585395812988281e-01,6.061940640211105347e-02,8.704237639904022217e-02,0.000000000000000000e+00,7.058975100517272949e-01,5.532491207122802734e-02,7.061499953269958496e-01,0.000000000000000000e+00,2.822104990482330322e-01,-6.154663562774658203e-01,-7.359065413475036621e-01,0.000000000000000000e+00,2.946383655071258545e-01,8.900620341300964355e-01,3.478185832500457764e-01,0.000000000000000000e+00,5.674487352371215820e-01,5.344685316085815430e-01,6.263747215270996094e-01,0.000000000000000000e+00,6.354616880416870117e-01,7.721313238143920898e-01,1.263277488760650158e-03,0.000000000000000000e+00
5.299999713897705078e-01,5.000000074505805969e-02,4.499999880790710449e-01,6.221565883606672287e-03,7.254341244697570801e-01,4.756195843219757080e-02,9.923406243324279785e-01,-3.150283126160502434e-03,1.234913915395736694e-01,0.000000000000000000e+00,9.947124123573303223e-01,6.492716073989868164e-02,7.957153022289276123e-02,0.000000000000000000e+00,7.062228322029113770e-01,5.937005952000617981e-02,7.054959535598754883e-01,0.000000000000000000e+00,2.819469869136810303e-01,-6.192259192466735840e-01,-7.328472733497619629e-01,0.000000000000000000e+00,2.944257259368896484e-01,8.924614787101745605e-01,3.417981564998626709e-01,0.000000000000000000e+00,5.673488974571228027e-01,5.402177572250366211e-01,6.215142607688903809e-01,0.000000000000000000e+00,6.353284120559692383e-01,7.722343206405639648e-01,3.464755369350314140e-03,0.000000000000000000e+00
5.299999713897705078e-01,5.000000074505805969e-02,4.499999880790710449e-01,6.276985164731740952e-03,7.254396080970764160e-01,4.762677475810050964e-02,9.922677874565124512e-01,-3.505300264805555344e-03,1.240658462047576904e-01,0.000000000000000000e+00,9.948590993881225586e-01,6.702885776758193970e-02,7.591121643781661987e-02,0.000000000000000000e+00,7.064148783683776855e-01,6.138586625456809998e-02,7.051310539245605469e-01,0.000000000000000000e+00,2.818247377872467041e-01,-6.210243701934814453e-01,-7.313710451126098633e-01,0.000000000000000000e+00,2.943603694438934326e-01,8.936003446578979492e-01,3.388663828372955322e-01,0.000000000000000000e+00,5.674396753311157227e-01,5.429223179817199707e-01,6.190699338912963867e-01,0.000000000000000000e+00,6.352767348289489746e-01,7.722710967063903809e-01,4.558392800390720367e-03,0.000000000000000000e+00
5.299999713897705078e-01,5.000000074505805969e-02,4.499999880790710449e-01,6.339828949421644211e-03,7.254018783569335938e-01,4.772358015179634094e-02,9.921513795852661133e-01,-4.104863386601209641e-03,1.249749287962913513e-01,0.000000000000000000e+00,9.950561523437500000e-01,7.017690688371658325e-02,7.027393579483032227e-02,0.000000000000000000e+00,7.067444920539855957e-01,6.440221518278121948e-02,7.045314908027648926e-01,0.000000000000000000e+00,2.816021740436553955e-01,-6.234660148620605469e-01,-7.293766736984252930e-01,0.000000000000000000e+00,2.945696413516998291e-01,8.951614499092102051e-01,3.345366120338439941e-01,0.000000000000000000e+00,5.678892731666564941e-01,5.467004179954528809e-01,6.153213977813720703e-01,0.000000000000000000e+00,6.352263689041137695e-01,7.723009586334228516e-01,6.218404974788427353e-03,0.000000000000000000e+00
5.299999713897705078e-01,5.000000074505805969e-02,4.499999880790710449e-01,6.400805898010730743e-03,7.253652215003967285e-01,4.781751334667205811e-02,9.920328855514526367e-01,-4.726780112832784653e-03,1.258904188871383667e-01,0.000000000000000000e+00,9.952141642570495605e-01,7.327235490083694458e-02,6.465280801057815552e-02,0.000000000000000000e+00,7.070913910865783691e-01,6.738942116498947144e-02,7.039036750793457031e-01,0.000000000000000000e+00,2.813790142536163330e-01,-6.257354021072387695e-01,-7.275170683860778809e-01,0.000000000000000000e+00,2.948924005031585693e-01,8.966221809387207031e-01,3.303137123584747314e-01,0.000000000000000000e+00,5.683590769767761230e-01,5.503263473510742188e-01,6.116443872451782227e-01,0.000000000000000000e+00,6.351847648620605469e-01,7.723203897476196289e-01,7.844327017664909363e-03,0.000000000000000000e+00
5.299999713897705078e-01,5.000000074505805969e-02,4.499999880790710449e-01,6.433861795812845230e-03,7.253200411796569824e-01,4.788532853126525879e-02,9.919547438621520996e-01,-5.137551575899124146e-03,1.264887154102325439e-01,0.000000000000000000e+00,9.952951669692993164e-01,7.529402524232864380e-02,6.097794324159622192e-02,0.000000000000000000e+00,7.073283791542053223e-01,6.935881078243255615e-02,7.034741640090942383e-01,0.000000000000000000e+00,2.812753021717071533e-01,-6.272090077400207520e-01,-7.262871861457824707e-01,0.000000000000000000e+00,2.951141595840454102e-01,8.975614309310913086e-01,3.275533020496368408e-01,0.000000000000000000e+00,5.686443448066711426e-01,5.526834726333618164e-01,6.092491745948791504e-01,0.000000000000000000e+00,6.351721882820129395e-01,7.723190784454345703e-01,8.917676284909248352e-03,0.000000000000000000e+00
5.299999713897705078e-01,5.000000074505805969e-02,4.499999880790710449e-01,6.485102698206901550e-03,7.251905202865600586e-01,4.803017526865005493e-02,9.917936325073242188e-01,-6.029642652720212936e-03,1.277067661285400391e-01,0.000000000000000000e+00,9.954053163528442383e-01,7.930659502744674683e-02,5.365330353379249573e-02,0.000000000000000000e+00,7.078253030776977539e-01,7.319422066211700439e-02,7.025852203369140625e-01,0.000000000000000000e+00,2.815138399600982666e-01,-6.301134228706359863e-01,-7.236760258674621582e-01,0.000000000000000000e+00,2.959761619567871094e-01,8.992850780487060547e-01,3.220007419586181641e-01,0.000000000000000000e+00,5.692575573921203613e-01,5.572292208671569824e-01,6.045175194740295410e-01,0.000000000000000000e+00,6.353471875190734863e-01,7.721447348594665527e-01,1.124416291713714600e-02,0.000000000000000000e+00
5.299999713897705078e-01,5.000000074505805969e-02,4.499999880790710449e-01,6.534324027597904205e-03,7.250660657882690430e-01,4.816931486129760742e-02,9.916343092918395996e-01,-6.918272934854030609e-03,1.288935989141464233e-01,0.000000000000000000e+00,9.954460263252258301e-01,8.319867402315139771e-02,4.653109610080718994e-02,0.000000000000000000e+00,7.083323001861572266e-01,7.695493847131729126e-02,7.016717791557312012e-01,0.000000000000000000e+00,2.818398177623748779e-01,-6.329200267791748047e-01,-7.210953831672668457e-01,0.000000000000000000e+00,2.968324720859527588e-01,9.009172320365905762e-01,3.166048228740692139e-01,0.000000000000000000e+00,5.698013305664062500e-01,5.615929961204528809e-01,5.999497771263122559e-01,0.000000000000000000e+00,6.355603933334350586e-01,7.719320654869079590e-01,1.355939358472824097e-02,0.000000000000000000e+00
5.299999713897705078e-01,5.000000074505805969e-02,4.499999880790710449e-01,6.599828600883483887e-03,7.248902916908264160e-01,4.832894727587699890e-02,9.915171265602111816e-01,-7.605858147144317627e-03,1.297534108161926270e-01,0.000000000000000000e+00,9.954366683959960938e-01,8.601551502943038940e-02,4.131773114204406738e-02,0.000000000000000000e+00,7.088114619255065918e-01,7.954572141170501709e-02,7.008985877037048340e-01,0.000000000000000000e+00,2.821218073368072510e-01,-6.350019574165344238e-01,-7.191520929336547852e-01,0.000000000000000000e+00,2.975968122482299805e-01,9.020692110061645508e-01,3.125815689563751221e-01,0.000000000000000000e+00,5.705273151397705078e-01,5.645719170570373535e-01,5.964537858963012695e-01,0.000000000000000000e+00,6.357390284538269043e-01,7.717531919479370117e-01,1.526246033608913422e-02,0.000000000000000000e+00
5.299999713897705078e-01,5.000000074505805969e-02,4.499999880790710449e-01,6.684151012450456619e-03,7.246640324592590332e-01,4.853444546461105347e-02,9.913638234138488770e-01,-8.554841391742229462e-03,1.308611184358596802e-01,0.000000000000000000e+00,9.953757524490356445e-01,8.963789790868759155e-02,3.452787920832633972e-02,0.000000000000000000e+00,7.095779180526733398e-01,8.267509192228317261e-02,6.997599601745605469e-01,0.000000000000000000e+00,2.825444638729095459e-01,-6.377559304237365723e-01,-7.165445089340209961e-01,0.000000000000000000e+00,2.987667024135589600e-01,9.035173654556274414e-01,3.072374165058135986e-01,0.000000000000000000e+00,5.718942284584045410e-01,5.681698322296142578e-01,5.917094349861145020e-01,0.000000000000000000e+00,6.360022425651550293e-01,7.714889049530029297e-01,1.749345473945140839e-02,0.000000000000000000e+00
5.299999713897705078e-01,5.000000074505805969e-02,4.499999880790710449e-01,6.745205260813236237e-03,7.245002388954162598e-01,4.868323728442192078e-02,9.912515878677368164e-01,-9.244992397725582123e-03,1.316615641117095947e-01,0.000000000000000000e+00,9.952946901321411133e-01,9.226504713296890259e-02,2.959165349602699280e-02,0.000000000000000000e+00,7.101384401321411133e-01,8.497822284698486328e-02,6.989149451255798340e-01,0.000000000000000000e+00,2.828144431114196777e-01,-6.397549510002136230e-01,-7.146534919738769531e-01,0.000000000000000000e+00,2.995167970657348633e-01,9.045770168304443359e-01,3.033646345138549805e-01,0.000000000000000000e+00,5.728024244308471680e-01,5.707940459251403809e-01,5.882954597473144531e-01,0.000000000000000000e+00,6.361775398254394531e-01,7.713059782981872559e-01,1.911060139536857605e-02,0.000000000000000000e+00
5.299999713897705078e-01,5.000000074505805969e-02,4.499999880790710449e-01,6.814237684011459351e-03,7.244144678115844727e-01,4.874888807535171509e-02,9.911398291587829590e-01,-9.922683238983154297e-03,1.324512064456939697e-01,0.000000000000000000e+00,9.951740503311157227e-01,9.496726095676422119e-02,2.469576150178909302e-02,0.000000000000000000e+00,7.106930017471313477e-01,8.711109310388565063e-02,6.980881690979003906e-01,0.000000000000000000e+00,2.829772531986236572e-01,-6.411560177803039551e-01,-7.133322358131408691e-01,0.000000000000000000e+00,2.999595999717712402e-01,9.056261777877807617e-01,2.997756898403167725e-01,0.000000000000000000e+00,5.735310316085815430e-01,5.733986496925354004e-01,5.850436687469482422e-01,0.000000000000000000e+00,6.365032792091369629e-01,7.709930539131164551e-01,2.081595361232757568e-02,0.000000000000000000e+00
5.299999713897705078e-01,5.000000074505805969e-02,4.499999880790710449e-01,6.881219800561666489e-03,7.243312001228332520e-01,4.881259053945541382e-02,9.910283684730529785e-01,-1.058880891650915146e-02,1.332313567399978638e-01,0.000000000000000000e+00,9.950131177902221680e-01,9.775274246931076050e-02,1.983193680644035339e-02,0.000000000000000000e+00,7.112415432929992676e-01,8.906494081020355225e-02,6.972825527191162109e-01,0.000000000000000000e+00,2.830456197261810303e-01,-6.419399976730346680e-01,-7.125996351242065430e-01,0.000000000000000000e+00,3.001280725002288818e-01,9.066577553749084473e-01,2.964706718921661377e-01,0.000000000000000000e+00,5.740965008735656738e-01,5.759805440902709961e-01,5.819446444511413574e-01,0.000000000000000000e+00,6.369729638099670410e-01,7.705543041229248047e-01,2.261634357273578644e-02,0.000000000000000000e+00
5.299999713897705078e-01,5.000000074505805969e-02,4.499999880790710449e-01,6.946212146431207657e-03,7.242504358291625977e-01,4.887440055608749390e-02,9.909192323684692383e-01,-1.123597379773855209e-02,1.339880526065826416e-01,0.000000000000000000e+00,9.948254823684692383e-01,1.004716828465461731e-01,1.508949417620897293e-02,0.000000000000000000e+00,7.117705941200256348e-01,9.098114818334579468e-02,6.964948177337646484e-01,0.000000000000000000e+00,2.830989956855773926e-01,-6.426556706428527832e-01,-7.119330167770385742e-01,0.000000000000000000e+00,3.002545833587646484e-01,9.076544642448425293e-01,2.932755947113037109e-01,0.000000000000000000e+00,5.745871067047119141e-01,5.785008668899536133e-01,5.789528489112854004e-01,0.000000000000000000e+00,6.374081969261169434e-01,7.701406478881835938e-01,2.437505125999450684e-02,0.000000000000000000e+00
5.299999713897705078e-01,5.000000074505805969e-02,4.499999880790710449e-01,6.933353375643491745e-03,7.242105007171630859e-01,4.890725389122962952e-02,9.908049106597900391e-01,-1.187214907258749008e-02,1.347765773534774780e-01,0.000000000000000000e+00,9.946025609970092773e-01,1.032378673553466797e-01,1.037510018795728683e-02,0.000000000000000000e+00,7.123563885688781738e-01,9.278611093759536743e-02,6.956573128700256348e-01,0.000000000000000000e+00,2.832818627357482910e-01,-6.429567933082580566e-01,-7.115883231163024902e-01,0.000000000000000000e+00,3.004026710987091064e-01,9.085772037506103516e-01,2.902510166168212891e-01,0.000000000000000000e+00,5.749614238739013672e-01,5.809745788574218750e-01,5.760971307754516602e-01,0.000000000000000000e+00,6.379399895668029785e-01,7.696415781974792480e-01,2.616092190146446228e-02,0.000000000000000000e+00
5.299999713897705078e-01,5.000000074505805969e-02,4.499999880790710449e-01,6.920876912772655487e-03,7.241716980934143066e-01,4.893913120031356812e-02,9.906848669052124023e-01,-1.249821297824382782e-02,1.355997473001480103e-01,0.000000000000000000e+00,9.943436980247497559e-01,1.060584485530853271e-01,5.680650006979703903e-03,0.000000000000000000e+00,7.129975557327270508e-01,9.447576105594635010e-02,6.947724819183349609e-01,0.000000000000000000e+00,2.835828065872192383e-01,-6.428322792053222656e-01,-7.115809321403503418e-01,0.000000000000000000e+00,3.005716204643249512e-01,9.094278216361999512e-01,2.873981297016143799e-01,0.000000000000000000e+00,5.752297043800354004e-01,5.834001898765563965e-01,5.733715891838073730e-01,0.000000000000000000e+00,6.385658383369445801e-01,7.690584063529968262e-01,2.797872386872768402e-02,0.000000000000000000e+00
5.299999713897705078e-01,5.000000074505805969e-02,4.499999880790710449e-01,6.912765558809041977e-03,7.241464853286743164e-01,4.895985499024391174e-02,9.906059503555297852e-01,-1.290575135499238968e-02,1.361371427774429321e-01,0.000000000000000000e+00,9.941582083702087402e-01,1.079007536172866821e-01,2.614717930555343628e-03,0.000000000000000000e+00,7.134031653404235840e-01,9.558898955583572388e-02,6.942036151885986328e-01,0.000000000000000000e+00,2.837681770324707031e-01,-6.427325606346130371e-01,-7.115971446037292480e-01,0.000000000000000000e+00,3.006725013256072998e-01,9.099773764610290527e-01,2.855472564697265625e-01,0.000000000000000000e+00,5.753850340843200684e-01,5.849795341491699219e-01,5.716038942337036133e-01,0.000000000000000000e+00,6.389750242233276367e-01,7.686744332313537598e-01,2.916375920176506042e-02,0.000000000000000000e+00
5.299999713897705078e-01,5.000000074505805969e-02,4.499999880790710449e-01,6.912402808666229248e-03,7.240735888481140137e-01,4.900124296545982361e-02,9.904513359069824219e-01,-1.372681837528944016e-02,1.371778547763824463e-01,0.000000000000000000e+00,9.937469959259033203e-01,1.116027459502220154e-01,-3.420153399929404259e-03,0.000000000000000000e+00,7.140463590621948242e-01,9.783262014389038086e-02,6.932290792465209961e-01,0.000000000000000000e+00,2.839612364768981934e-01,-6.426801681518554688e-01,-7.115674614906311035e-01,0.000000000000000000e+00,3.013635575771331787e-01,9.109351038932800293e-01,2.817396223545074463e-01,0.000000000000000000e+00,5.756482481956481934e-01,5.880420804023742676e-01,5.681862831115722656e-01,0.000000000000000000e+00,6.399997472763061523e-01,7.677315473556518555e-01,3.144164383411407471e-02,0.000000000000000000e+00
5.299999713897705078e-01,5.000000074505805969e-02,4.499999880790710449e-01,6.912140175700187683e-03,7.240207791328430176e-01,4.903120547533035278e-02,9.903382658958435059e-01,-1.433849614113569260e-02,1.379294693470001221e-01,0.000000000000000000e+00,9.934089183807373047e-01,1.143556535243988037e-01,-7.843484170734882355e-03,0.000000000000000000e+00,7.144715189933776855e-01,9.949392080307006836e-02,6.925542354583740234e-01,0.000000000000000000e+00,2.840125560760498047e-01,-6.427212953567504883e-01,-7.115098237991333008e-01,0.000000000000000000e+00,3.020865619182586670e-01,9.115801453590393066e-01,2.788644134998321533e-01,0.000000000000000000e+00,5.758126378059387207e-01,5.902594923973083496e-01,5.657150745391845703e-01,0.000000000000000000e+00,6.407489180564880371e-01,7.670372128486633301e-01,3.308632224798202515e-02,0.000000000000000000e+00
5.299999713897705078e-01,5.000000074505805969e-02,4.499999880790710449e-01,6.916588637977838516e-03,7.239528298377990723e-01,4.906672611832618713e-02,9.902281165122985840e-01,-1.493345014750957489e-02,1.386553198099136353e-01,0.000000000000000000e+00,9.930538535118103027e-01,1.170314997434616089e-01,-1.215195003896951675e-02,0.000000000000000000e+00,7.148767113685607910e-01,1.011161282658576965e-01,6.919008493423461914e-01,0.000000000000000000e+00,2.840664088726043701e-01,-6.428072452545166016e-01,-7.114106416702270508e-01,0.000000000000000000e+00,3.027486801147460938e-01,9.122130274772644043e-01,2.760627865791320801e-01,0.000000000000000000e+00,5.759367346763610840e-01,5.924162864685058594e-01,5.633292198181152344e-01,0.000000000000000000e+00,6.414430737495422363e-01,7.663860917091369629e-01,3.468664363026618958e-02,0.000000000000000000e+00
5.299999713897705078e-01,5.000000074505805969e-02,4.499999880790710449e-01,6.934607867151498795e-03,7.238217592239379883e-01,4.912928491830825806e-02,9.900890588760375977e-01,-1.572075486183166504e-02,1.395583748817443848e-01,0.000000000000000000e+00,9.925504326820373535e-01,1.205319613218307495e-01,-1.776714995503425598e-02,0.000000000000000000e+00,7.153539061546325684e-01,1.030279397964477539e-01,6.911251544952392578e-01,0.000000000000000000e+00,2.842674553394317627e-01,-6.436228156089782715e-01,-7.105925083160400391e-01,0.000000000000000000e+00,3.040534555912017822e-01,9.129366874694824219e-01,2.722096443176269531e-01,0.000000000000000000e+00,5.758180022239685059e-01,5.952625274658203125e-01,5.604428648948669434e-01,0.000000000000000000e+00,6.425704360008239746e-01,7.653422355651855469e-01,3.680354356765747070e-02,0.000000000000000000e+00
5.299999713897705078e-01,5.000000074505805969e-02,4.499999880790710449e-01,6.951917428523302078e-03,7.236958146095275879e-01,4.918937757611274719e-02,9.899556636810302734e-01,-1.648386195302009583e-02,1.404140293598175049e-01,0.000000000000000000e+00,9.920220971107482910e-01,1.239116191864013672e-01,-2.319728024303913116e-02,0.000000000000000000e+00,7.157953381538391113e-01,1.048348620533943176e-01,6.903960108757019043e-01,0.000000000000000000e+00,2.844754159450531006e-01,-6.446332931518554688e-01,-7.095925807952880859e-01,0.000000000000000000e+00,3.052977025508880615e-01,9.136371016502380371e-01,2.684409022331237793e-01,0.000000000000000000e+00,5.756288766860961914e-01,5.980032682418823242e-01,5.577127337455749512e-01,0.000000000000000000e+00,6.436446309089660645e-01,7.643374800682067871e-01,3.885690122842788696e-02,0.000000000000000000e+00
5.299999713897705078e-01,5.000000074505805969e-02,4.499999880790710449e-01,6.974576506763696671e-03,7.236359715461730957e-01,4.925237968564033508e-02,9.898906946182250977e-01,-1.685364544391632080e-02,1.408273279666900635e-01,0.000000000000000000e+00,9.917499423027038574e-01,1.255553364753723145e-01,-2.584288455545902252e-02,0.000000000000000000e+00,7.160864472389221191e-01,1.056867167353630066e-01,6.899641752243041992e-01,0.000000000000000000e+00,2.845680117607116699e-01,-6.451234221458435059e-01,-7.091099023818969727e-01,0.000000000000000000e+00,3.058604896068572998e-01,9.139867424964904785e-01,2.666038274765014648e-01,0.000000000000000000e+00,5.755357742309570312e-01,5.993258357048034668e-01,5.563875436782836914e-01,0.000000000000000000e+00,6.441520452499389648e-01,7.638578414916992188e-01,3.986640274524688721e-02,0.000000000000000000e+00
5.299999713897705078e-01,5.000000074505805969e-02,4.499999880790710449e-01,7.046508602797985077e-03,7.235224246978759766e-01,4.944101348519325256e-02,9.897658824920654297e-01,-1.756474934518337250e-02,1.416154354810714722e-01,0.000000000000000000e+00,9.911824464797973633e-01,1.288138926029205322e-01,-3.105367906391620636e-02,0.000000000000000000e+00,7.168956398963928223e-01,1.072364896535873413e-01,6.888838410377502441e-01,0.000000000000000000e+00,2.847691476345062256e-01,-6.460508704185485840e-01,-7.081841230392456055e-01,0.000000000000000000e+00,3.071986734867095947e-01,9.146248102188110352e-01,2.628504931926727295e-01,0.000000000000000000e+00,5.753457546234130859e-01,6.018782854080200195e-01,5.538229346275329590e-01,0.000000000000000000e+00,6.451448798179626465e-01,7.629122138023376465e-01,4.186880216002464294e-02,0.000000000000000000e+00
5.299999713897705078e-01,5.000000074505805969e-02,4.499999880790710449e-01,7.098591420799493790e-03,7.234402298927307129e-01,4.957759007811546326e-02,9.896755218505859375e-01,-1.807799190282821655e-02,1.421814411878585815e-01,0.000000000000000000e+00,9.907445907592773438e-01,1.311886757612228394e-01,-3.485315665602684021e-02,0.000000000000000000e+00,7.174929380416870117e-01,1.083635687828063965e-01,6.880851387977600098e-01,0.000000000000000000e+00,2.849062681198120117e-01,-6.467188000679016113e-01,-7.075190544128417969e-01,0.000000000000000000e+00,3.081336021423339844e-01,9.150986075401306152e-01,2.600926160812377930e-01,0.000000000000000000e+00,5.752138495445251465e-01,6.037151217460632324e-01,5.519575476646423340e-01,0.000000000000000000e+00,6.458135843276977539e-01,7.622648477554321289e-01,4.332585260272026062e-02,0.000000000000000000e+00
5.299999713897705078e-01,5.000000074505805969e-02,4.499999880790710449e-01,7.140381261706352234e-03,7.233533263206481934e-01,4.966194927692413330e-02,9.895875453948974609e-01,-1.857180148363113403e-02,1.427291035652160645e-01,0.000000000000000000e+00,9.902985095977783203e-01,1.334957182407379150e-01,-3.857173025608062744e-02,0.000000000000000000e+00,7.179806232452392578e-01,1.094116270542144775e-01,6.874102950096130371e-01,0.000000000000000000e+00,2.850134670734405518e-01,-6.474025249481201172e-01,-7.068502306938171387e-01,0.000000000000000000e+00,3.090009391307830811e-01,9.155752062797546387e-01,2.573721706867218018e-01,0.000000000000000000e+00,5.750232934951782227e-01,6.055432558059692383e-01,5.501505136489868164e-01,0.000000000000000000e+00,6.464920043945312500e-01,7.616072893142700195e-01,4.474835470318794250e-02,0.000000000000000000e+00
5.299999713897705078e-01,5.000000074505805969e-02,4.499999880790710449e-01,7.188462186604738235e-03,7.232367396354675293e-01,4.973907023668289185e-02,9.894741773605346680e-01,-1.919083110988140106e-02,1.434314996004104614e-01,0.000000000000000000e+00,9.896886348724365234e-01,1.364817768335342407e-01,-4.346427321434020996e-02,0.000000000000000000e+00,7.184815406799316406e-01,1.106923818588256836e-01,6.866815090179443359e-01,0.000000000000000000e+00,2.850910723209381104e-01,-6.484175324440002441e-01,-7.058879733085632324e-01,0.000000000000000000e+00,3.102000057697296143e-01,9.162008166313171387e-01,2.536770105361938477e-01,0.000000000000000000e+00,5.746981501579284668e-01,6.079570651054382324e-01,5.478232502937316895e-01,0.000000000000000000e+00,6.474003195762634277e-01,7.607246041297912598e-01,4.659253731369972229e-02,0.000000000000000000e+00
5.299999713897705078e-01,5.000000074505805969e-02,4.499999880790710449e-01,7.234648801386356354e-03,7.231247425079345703e-01,4.981315135955810547e-02,9.893648028373718262e-01,-1.978294365108013153e-02,1.441038250923156738e-01,0.000000000000000000e+00,9.890702962875366211e-01,1.393470764160156250e-01,-4.819029942154884338e-02,0.000000000000000000e+00,7.189412117004394531e-01,1.119426786899566650e-01,6.859973073005676270e-01,0.000000000000000000e+00,2.851486206054687500e-01,-6.494127511978149414e-01,-7.049491405487060547e-01,0.000000000000000000e+00,3.112194836139678955e-01,9.168360233306884766e-01,2.501083016395568848e-01,0.000000000000000000e+00,5.744068026542663574e-01,6.102573871612548828e-01,5.455663800239562988e-01,0.000000000000000000e+00,6.481965184211730957e-01,7.599354386329650879e-01,4.836752265691757202e-02,0.000000000000000000e+00
5.299999713897705078e-01,5.000000074505805969e-02,4.499999880790710449e-01,7.206812035292387009e-03,7.230983972549438477e-01,4.985745623707771301e-02,9.893085360527038574e-01,-2.006561495363712311e-02,1.444506794214248657e-01,0.000000000000000000e+00,9.887544512748718262e-01,1.407608240842819214e-01,-5.050753802061080933e-02,0.000000000000000000e+00,7.192171812057495117e-01,1.125611513853073120e-01,6.856067180633544922e-01,0.000000000000000000e+00,2.851186394691467285e-01,-6.497741341590881348e-01,-7.046282291412353516e-01,0.000000000000000000e+00,3.116238117218017578e-01,9.171652793884277344e-01,2.483916431665420532e-01,0.000000000000000000e+00,5.743286013603210449e-01,6.113403439521789551e-01,5.444352030754089355e-01,0.000000000000000000e+00,6.485390067100524902e-01,7.595874667167663574e-01,4.923462122678756714e-02,0.000000000000000000e+00
5.299999713897705078e-01,5.000000074505805969e-02,4.499999880790710449e-01,7.152789272367954254e-03,7.230471968650817871e-01,4.994343966245651245e-02,9.891887903213500977e-01,-2.059900946915149689e-02,1.451936215162277222e-01,0.000000000000000000e+00,9.881038069725036621e-01,1.435863226652145386e-01,-5.507990345358848572e-02,0.000000000000000000e+00,7.199255228042602539e-01,1.137893125414848328e-01,6.846598982810974121e-01,0.000000000000000000e+00,2.848924100399017334e-01,-6.500681042671203613e-01,-7.044485807418823242e-01,0.000000000000000000e+00,3.122090399265289307e-01,9.178510904312133789e-01,2.451018393039703369e-01,0.000000000000000000e+00,5.743585824966430664e-01,6.133510470390319824e-01,5.421371459960937500e-01,0.000000000000000000e+00,6.491050720214843750e-01,7.589915394783020020e-01,5.093572661280632019e-02,0.000000000000000000e+00
5.299999713897705078e-01,5.000000074505805969e-02,4.499999880790710449e-01,7.113674189895391464e-03,7.230101823806762695e-01,5.000569298863410950e-02,9.891004562377929688e-01,-2.098311111330986023e-02,1.457394212484359741e-01,0.000000000000000000e+00,9.876124262809753418e-01,1.456383168697357178e-01,-5.840561538934707642e-02,0.000000000000000000e+00,7.204293012619018555e-01,1.146607697010040283e-01,6.839842796325683594e-01,0.000000000000000000e+00,2.847265601158142090e-01,-6.502227187156677246e-01,-7.043728828430175781e-01,0.000000000000000000e+00,3.125639259815216064e-01,9.183611869812011719e-01,2.427273094654083252e-01,0.000000000000000000e+00,5.744112133979797363e-01,6.147875785827636719e-01,5.404517054557800293e-01,0.000000000000000000e+00,6.494650840759277344e-01,7.585994601249694824e-01,5.217263475060462952e-02,0.000000000000000000e+00
5.299999713897705078e-01,5.000000074505805969e-02,4.499999880790710449e-01,7.095229346305131912e-03,7.228977084159851074e-01,5.015941336750984192e-02,9.889840483665466309e-01,-2.154762484133243561e-02,1.464455723762512207e-01,0.000000000000000000e+00,9.869358539581298828e-01,1.483965665102005005e-01,-6.273800134658813477e-02,0.000000000000000000e+00,7.208756804466247559e-01,1.152561679482460022e-01,6.834136843681335449e-01,0.000000000000000000e+00,2.843430042266845703e-01,-6.496382951736450195e-01,-7.050667405128479004e-01,0.000000000000000000e+00,3.123111128807067871e-01,9.191614389419555664e-01,2.400083988904953003e-01,0.000000000000000000e+00,5.746728181838989258e-01,6.165371537208557129e-01,5.381757020950317383e-01,0.000000000000000000e+00,6.497539281845092773e-01,7.582389116287231445e-01,5.379224568605422974e-02,0.000000000000000000e+00
5.299999713897705078e-01,5.000000074505805969e-02,4.499999880790710449e-01,7.077511399984359741e-03,7.227896451950073242e-01,5.030707269906997681e-02,9.888699054718017578e-01,-2.214271016418933868e-02,1.471257209777832031e-01,0.000000000000000000e+00,9.862447381019592285e-01,1.511303037405014038e-01,-6.694013625383377075e-02,0.000000000000000000e+00,7.212347984313964844e-01,1.156732589006423950e-01,6.829642057418823242e-01,0.000000000000000000e+00,2.838839590549468994e-01,-6.484764814376831055e-01,-7.063201665878295898e-01,0.000000000000000000e+00,3.116291463375091553e-01,9.200071692466735840e-01,2.376427650451660156e-01,0.000000000000000000e+00,5.749562382698059082e-01,6.181966066360473633e-01,5.359648466110229492e-01,0.000000000000000000e+00,6.499627232551574707e-01,7.579472661018371582e-01,5.535724386572837830e-02,0.000000000000000000e+00
5.299999713897705078e-01,5.000000074505805969e-02,4.499999880790710449e-01,7.072099018841981888e-03,7.227442264556884766e-01,5.036951601505279541e-02,9.888144731521606445e-01,-2.242846041917800903e-02,1.474547386169433594e-01,0.000000000000000000e+00,9.859030246734619141e-01,1.524314433336257935e-01,-6.899227201938629150e-02,0.000000000000000000e+00,7.213728427886962891e-01,1.158728450536727905e-01,6.827845573425292969e-01,0.000000000000000000e+00,2.836965918540954590e-01,-6.479146480560302734e-01,-7.069107890129089355e-01,0.000000000000000000e+00,3.113422095775604248e-01,9.204005002975463867e-01,2.364931106567382812e-01,0.000000000000000000e+00,5.751022100448608398e-01,6.189956665039062500e-01,5.348848700523376465e-01,0.000000000000000000e+00,6.500477790832519531e-01,7.578188180923461914e-01,5.611220374703407288e-02,0.000000000000000000e+00
5.299999713897705078e-01,5.000000074505805969e-02,4.499999880790710449e-01,7.067833095788955688e-03,7.226697206497192383e-01,5.047267302870750427e-02,9.887076616287231445e-01,-2.293969504535198212e-02,1.480910331010818481e-01,0.000000000000000000e+00,9.852606058120727539e-01,1.546310484409332275e-01,-7.314866036176681519e-02,0.000000000000000000e+00,7.211697697639465332e-01,1.161449104547500610e-01,6.829528212547302246e-01,0.000000000000000000e+00,2.835359275341033936e-01,-6.469287276268005371e-01,-7.078775763511657715e-01,0.000000000000000000e+00,3.109779953956604004e-01,9.210889935493469238e-01,2.342813909053802490e-01,0.000000000000000000e+00,5.756645202636718750e-01,6.204099655151367188e-01,5.326367616653442383e-01,0.000000000000000000e+00,6.500740051269531250e-01,7.576915621757507324e-01,5.750909447669982910e-02,0.000000000000000000e+00
5.299999713897705078e-01,5.000000074505805969e-02,4.499999880790710449e-01,7.062736898660659790e-03,7.225807309150695801e-01,5.059592053294181824e-02,9.885800480842590332e-01,-2.353249676525592804e-02,1.488479077816009521e-01,0.000000000000000000e+00,9.844806194305419922e-01,1.571122258901596069e-01,-7.819020003080368042e-02,0.000000000000000000e+00,7.207781672477722168e-01,1.164256930351257324e-01,6.833182573318481445e-01,0.000000000000000000e+00,2.834368050098419189e-01,-6.457905173301696777e-01,-7.089557051658630371e-01,0.000000000000000000e+00,3.106598854064941406e-01,9.218634963035583496e-01,2.316421270370483398e-01,0.000000000000000000e+00,5.763724446296691895e-01,6.220780014991760254e-01,5.299186110496520996e-01,0.000000000000000000e+00,6.500507593154907227e-01,7.575852274894714355e-01,5.914978310465812683e-02,0.000000000000000000e+00
5.299999713897705078e-01,5.000000074505805969e-02,4.499999880790710449e-01,7.058840245008468628e-03,7.225126624107360840e-01,5.069015920162200928e-02,9.884822368621826172e-01,-2.398552186787128448e-02,1.494241654872894287e-01,0.000000000000000000e+00,9.838640689849853516e-01,1.589955389499664307e-01,-8.204811066389083862e-02,0.000000000000000000e+00,7.205157279968261719e-01,1.166444271802902222e-01,6.835577487945556641e-01,0.000000000000000000e+00,2.833725214004516602e-01,-6.449167728424072266e-01,-7.097762823104858398e-01,0.000000000000000000e+00,3.104527592658996582e-01,9.224390983581542969e-01,2.296196669340133667e-01,0.000000000000000000e+00,5.768467783927917480e-01,6.233822703361511230e-01,5.278657674789428711e-01,0.000000000000000000e+00,6.500335931777954102e-01,7.575009465217590332e-01,6.040408089756965637e-02,0.000000000000000000e+00
5.299999713897705078e-01,5.000000074505805969e-02,4.499999880790710449e-01,7.055096793919801712e-03,7.224472761154174805e-01,5.078068003058433533e-02,9.883880615234375000e-01,-2.442048490047454834e-02,1.499755829572677612e-01,0.000000000000000000e+00,9.832557439804077148e-01,1.607920676469802856e-01,-8.575560897588729858e-02,0.000000000000000000e+00,7.202920913696289062e-01,1.168581172823905945e-01,6.837568879127502441e-01,0.000000000000000000e+00,2.833190858364105225e-01,-6.440747976303100586e-01,-7.105616927146911621e-01,0.000000000000000000e+00,3.102800548076629639e-01,9.229794144630432129e-01,2.276735603809356689e-01,0.000000000000000000e+00,5.772519707679748535e-01,6.246567368507385254e-01,5.259126424789428711e-01,0.000000000000000000e+00,6.500176787376403809e-01,7.574175596237182617e-01,6.160880997776985168e-02,0.000000000000000000e+00
5.299999713897705078e-01,5.000000074505805969e-02,4.499999880790710449e-01,7.051501423120498657e-03,7.223845124244689941e-01,5.086763575673103333e-02,9.882974624633789062e-01,-2.483809180557727814e-02,1.505032181739807129e-01,0.000000000000000000e+00,9.826568365097045898e-01,1.625050157308578491e-01,-8.931761234998703003e-02,0.000000000000000000e+00,7.201022505760192871e-01,1.170669123530387878e-01,6.839210987091064453e-01,0.000000000000000000e+00,2.832746207714080811e-01,-6.432637572288513184e-01,-7.113137245178222656e-01,0.000000000000000000e+00,3.101359605789184570e-01,9.234876632690429688e-01,2.258012890815734863e-01,0.000000000000000000e+00,5.775979757308959961e-01,6.258992552757263184e-01,5.240522027015686035e-01,0.000000000000000000e+00,6.500028967857360840e-01,7.573352456092834473e-01,6.276592612266540527e-02,0.000000000000000000e+00
5.299999713897705078e-01,5.000000074505805969e-02,4.499999880790710449e-01,7.049757055938243866e-03,7.223540544509887695e-01,5.090982094407081604e-02,9.882534146308898926e-01,-2.504060044884681702e-02,1.507584452629089355e-01,0.000000000000000000e+00,9.823612570762634277e-01,1.633311510086059570e-01,-9.104558080434799194e-02,0.000000000000000000e+00,7.200003266334533691e-01,1.171490177512168884e-01,6.840143203735351562e-01,0.000000000000000000e+00,2.832552790641784668e-01,-6.428695917129516602e-01,-7.116777300834655762e-01,0.000000000000000000e+00,3.100730776786804199e-01,9.237306118011474609e-01,2.248920500278472900e-01,0.000000000000000000e+00,5.777897238731384277e-01,6.264910697937011719e-01,5.231328010559082031e-01,0.000000000000000000e+00,6.499748826026916504e-01,7.573130130767822266e-01,6.332189589738845825e-02,0.000000000000000000e+00
5.299999713897705078e-01,5.000000074505805969e-02,4.499999880790710449e-01,6.887611933052539825e-03,7.223082184791564941e-01,5.099713057279586792e-02,9.881808161735534668e-01,-2.525589428842067719e-02,1.511977910995483398e-01,0.000000000000000000e+00,9.819011688232421875e-01,1.644642353057861328e-01,-9.392368793487548828e-02,0.000000000000000000e+00,7.195540070533752441e-01,1.170167997479438782e-01,6.845064759254455566e-01,0.000000000000000000e+00,2.830514907836914062e-01,-6.419499516487121582e-01,-7.125883102416992188e-01,0.000000000000000000e+00,3.097103834152221680e-01,9.243009686470031738e-01,2.230408489704132080e-01,0.000000000000000000e+00,5.786842703819274902e-01,6.274100542068481445e-01,5.210385322570800781e-01,0.000000000000000000e+00,6.496183276176452637e-01,7.575348019599914551e-01,6.432024389505386353e-02,0.000000000000000000e+00
5.299999713897705078e-01,5.000000074505805969e-02,4.499999880790710449e-01,6.731855683028697968e-03,7.222642302513122559e-01,5.108099803328514099e-02,9.881208539009094238e-01,-2.532854862511157990e-02,1.515772044658660889e-01,0.000000000000000000e+00,9.815453886985778809e-01,1.651952862739562988e-01,-9.632842987775802612e-02,0.000000000000000000e+00,7.190788984298706055e-01,1.167959049344062805e-01,6.850432753562927246e-01,0.000000000000000000e+00,2.827601134777069092e-01,-6.409431099891662598e-01,-7.136095762252807617e-01,0.000000000000000000e+00,3.092266023159027100e-01,9.249067902565002441e-01,2.211930453777313232e-01,0.000000000000000000e+00,5.796280503273010254e-01,6.282598972320556641e-01,5.189613103866577148e-01,0.000000000000000000e+00,6.492077708244323730e-01,7.578071355819702148e-01,6.525047868490219116e-02,0.000000000000000000e+00
5.299999713897705078e-01,5.000000074505805969e-02,4.499999880790710449e-01,6.670901551842689514e-03,7.222728133201599121e-01,5.111817643046379089e-02,9.880921840667724609e-01,-2.535924501717090607e-02,1.517589837312698364e-01,0.000000000000000000e+00,9.813722968101501465e-01,1.655441522598266602e-01,-9.748616069555282593e-02,0.000000000000000000e+00,7.189075946807861328e-01,1.166630759835243225e-01,6.852456331253051758e-01,0.000000000000000000e+00,2.826298177242279053e-01,-6.403873562812805176e-01,-7.141599059104919434e-01,0.000000000000000000e+00,3.089592158794403076e-01,9.251999258995056152e-01,2.203389853239059448e-01,0.000000000000000000e+00,5.800725817680358887e-01,6.286624670028686523e-01,5.179761052131652832e-01,0.000000000000000000e+00,6.489981412887573242e-01,7.579491138458251953e-01,6.568504124879837036e-02,0.000000000000000000e+00
5.299999713897705078e-01,5.000000074505805969e-02,4.499999880790710449e-01,6.559384986758232117e-03,7.223663926124572754e-01,5.119936540722846985e-02,9.880306720733642578e-01,-2.534434013068675995e-02,1.521613597869873047e-01,0.000000000000000000e+00,9.809742569923400879e-01,1.663296669721603394e-01,-1.001195311546325684e-01,0.000000000000000000e+00,7.187099456787109375e-01,1.162419021129608154e-01,6.855244636535644531e-01,0.000000000000000000e+00,2.822762429714202881e-01,-6.377649903297424316e-01,-7.166421413421630859e-01,0.000000000000000000e+00,3.073207736015319824e-01,9.260268211364746094e-01,2.191534936428070068e-01,0.000000000000000000e+00,5.811453461647033691e-01,6.295657157897949219e-01,5.156714320182800293e-01,0.000000000000000000e+00,6.484327316284179688e-01,7.583475708961486816e-01,6.666336953639984131e-02,0.000000000000000000e+00
5.299999713897705078e-01,5.000000074505805969e-02,4.499999880790710449e-01,6.495116278529167175e-03,7.224203348159790039e-01,5.124615505337715149e-02,9.879963994026184082e-01,-2.532235905528068542e-02,1.523872017860412598e-01,0.000000000000000000e+00,9.807462096214294434e-01,1.667693257331848145e-01,-1.016114801168441772e-01,0.000000000000000000e+00,7.186234593391418457e-01,1.159909889101982117e-01,6.856576204299926758e-01,0.000000000000000000e+00,2.820883989334106445e-01,-6.360535621643066406e-01,-7.182353734970092773e-01,0.000000000000000000e+00,3.063525259494781494e-01,9.264804720878601074e-01,2.185911685228347778e-01,0.000000000000000000e+00,5.817054510116577148e-01,6.301098465919494629e-01,5.143737792968750000e-01,0.000000000000000000e+00,6.481280922889709473e-01,7.585588097572326660e-01,6.721955537796020508e-02,0.000000000000000000e+00
5.299999713897705078e-01,5.000000074505805969e-02,4.499999880790710449e-01,6.430289708077907562e-03,7.224348187446594238e-01,5.127861723303794861e-02,9.879939556121826172e-01,-2.518288791179656982e-02,1.524261832237243652e-01,0.000000000000000000e+00,9.807175993919372559e-01,1.665709465742111206e-01,-1.022109612822532654e-01,0.000000000000000000e+00,7.186306715011596680e-01,1.157002449035644531e-01,6.856992244720458984e-01,0.000000000000000000e+00,2.820114493370056152e-01,-6.348317265510559082e-01,-7.193456888198852539e-01,0.000000000000000000e+00,3.055136799812316895e-01,9.268064498901367188e-01,2.183832377195358276e-01,0.000000000000000000e+00,5.821388363838195801e-01,6.304338574409484863e-01,5.134856700897216797e-01,0.000000000000000000e+00,6.478967070579528809e-01,7.587291598320007324e-01,6.752694398164749146e-02,0.000000000000000000e+00
5.299999713897705078e-01,5.000000074505805969e-02,4.499999880790710449e-01,6.273812614381313324e-03,7.224698066711425781e-01,5.135697498917579651e-02,9.880721569061279297e-01,-2.431062608957290649e-02,1.520606130361557007e-01,0.000000000000000000e+00,9.811588525772094727e-01,1.640342175960540771e-01,-1.020785272121429443e-01,0.000000000000000000e+00,7.188963294029235840e-01,1.144519746303558350e-01,6.856302618980407715e-01,0.000000000000000000e+00,2.819855213165283203e-01,-6.314210891723632812e-01,-7.223514318466186523e-01,0.000000000000000000e+00,3.026598095893859863e-01,9.277027845382690430e-01,2.185511887073516846e-01,0.000000000000000000e+00,5.834735631942749023e-01,6.310935616493225098e-01,5.111550688743591309e-01,0.000000000000000000e+00,6.471977829933166504e-01,7.592799663543701172e-01,6.803655624389648438e-02,0.000000000000000000e+00
5.299999713897705078e-01,5.000000074505805969e-02,4.499999880790710449e-01,6.183631718158721924e-03,7.224899530410766602e-01,5.140213295817375183e-02,9.881234765052795410e-01,-2.376427128911018372e-02,1.518133431673049927e-01,0.000000000000000000e+00,9.814497828483581543e-01,1.624115109443664551e-01,-1.018767729401588440e-01,0.000000000000000000e+00,7.190583944320678711e-01,1.136969253420829773e-01,6.855859160423278809e-01,0.000000000000000000e+00,2.819812595844268799e-01,-6.294118165969848633e-01,-7.241045236587524414e-01,0.000000000000000000e+00,3.011585474014282227e-01,9.281592965126037598e-01,2.186866849660873413e-01,0.000000000000000000e+00,5.842178463935852051e-01,6.314935684204101562e-01,5.098090767860412598e-01,0.000000000000000000e+00,6.468029022216796875e-01,7.595920562744140625e-01,6.830739229917526245e-02,0.000000000000000000e+00
5.299999713897705078e-01,5.000000074505805969e-02,4.499999880790710449e-01,6.091135554015636444e-03,7.224818468093872070e-01,5.151062458753585815e-02,9.881862401962280273e-01,-2.315387129783630371e-02,1.514987796545028687e-01,0.000000000000000000e+00,9.818289875984191895e-01,1.604374498128890991e-01,-1.013491824269294739e-01,0.000000000000000000e+00,7.191956639289855957e-01,1.130699291825294495e-01,6.855456233024597168e-01,0.000000000000000000e+00,2.820111811161041260e-01,-6.273364424705505371e-01,-7.258916497230529785e-01,0.000000000000000000e+00,3.000504374504089355e-01,9.285250902175903320e-01,2.186569720506668091e-01,0.000000000000000000e+00,5.851483345031738281e-01,6.318262815475463867e-01,5.083276033401489258e-01,0.000000000000000000e+00,6.463053822517395020e-01,7.599932551383972168e-01,6.855398416519165039e-02,0.000000000000000000e+00
5.299999713897705078e-01,5.000000074505805969e-02,4.499999880790710449e-01,5.972066428512334824e-03,7.224714159965515137e-01,5.165028572082519531e-02,9.882853627204895020e-01,-2.225212939083576202e-02,1.509864032268524170e-01,0.000000000000000000e+00,9.824514389038085938e-01,1.573231816291809082e-01,-1.001930013298988342e-01,0.000000000000000000e+00,7.193565368652343750e-01,1.123325973749160767e-01,6.854980587959289551e-01,0.000000000000000000e+00,2.820909321308135986e-01,-6.244829297065734863e-01,-7.283170819282531738e-01,0.000000000000000000e+00,2.990678846836090088e-01,9.289047718048095703e-01,2.183902859687805176e-01,0.000000000000000000e+00,5.863984823226928711e-01,6.322603225708007812e-01,5.063434839248657227e-01,0.000000000000000000e+00,6.456288099288940430e-01,7.605405449867248535e-01,6.885846704244613647e-02,0.000000000000000000e+00
5.299999713897705078e-01,5.000000074505805969e-02,4.499999880790710449e-01,5.857689306139945984e-03,7.224614024162292480e-01,5.178444460034370422e-02,9.883803129196166992e-01,-2.137974090874195099e-02,1.504901796579360962e-01,0.000000000000000000e+00,9.830427169799804688e-01,1.543155759572982788e-01,-9.906443208456039429e-02,0.000000000000000000e+00,7.195018529891967773e-01,1.116228699684143066e-01,6.854614615440368652e-01,0.000000000000000000e+00,2.821559011936187744e-01,-6.217250823974609375e-01,-7.306476235389709473e-01,0.000000000000000000e+00,2.982699573040008545e-01,9.292266964912414551e-01,2.181119620800018311e-01,0.000000000000000000e+00,5.874733328819274902e-01,6.327427625656127930e-01,5.044915080070495605e-01,0.000000000000000000e+00,6.450372934341430664e-01,7.610161900520324707e-01,6.914653629064559937e-02,0.000000000000000000e+00
5.299999713897705078e-01,5.000000074505805969e-02,4.499999880790710449e-01,5.721034482121467590e-03,7.224494218826293945e-01,5.194473266601562500e-02,9.884918928146362305e-01,-2.033816464245319366e-02,1.499003320932388306e-01,0.000000000000000000e+00,9.837300777435302734e-01,1.507453620433807373e-01,-9.772922098636627197e-02,0.000000000000000000e+00,7.196637988090515137e-01,1.107723638415336609e-01,6.854294538497924805e-01,0.000000000000000000e+00,2.822169661521911621e-01,-6.184210777282714844e-01,-7.334227561950683594e-01,0.000000000000000000e+00,2.974635660648345947e-01,9.295656085014343262e-01,2.177686393260955811e-01,0.000000000000000000e+00,5.886079668998718262e-01,6.333974003791809082e-01,5.023429393768310547e-01,0.000000000000000000e+00,6.444014906883239746e-01,7.615237832069396973e-01,6.948533654212951660e-02,0.000000000000000000e+00
5.299999713897705078e-01,5.000000074505805969e-02,4.499999880790710449e-01,5.642278119921684265e-03,7.224425077438354492e-01,5.203711241483688354e-02,9.885553121566772461e-01,-1.973824203014373779e-02,1.495619118213653564e-01,0.000000000000000000e+00,9.841169118881225586e-01,1.486991792917251587e-01,-9.696626663208007812e-02,0.000000000000000000e+00,7.197514772415161133e-01,1.102809086441993713e-01,6.854166388511657715e-01,0.000000000000000000e+00,2.822448611259460449e-01,-6.165123581886291504e-01,-7.350172400474548340e-01,0.000000000000000000e+00,2.970640361309051514e-01,9.297408461570739746e-01,2.175660133361816406e-01,0.000000000000000000e+00,5.891931056976318359e-01,6.338107585906982422e-01,5.011340975761413574e-01,0.000000000000000000e+00,6.440684199333190918e-01,7.617879509925842285e-01,6.967806071043014526e-02,0.000000000000000000e+00
5.299999713897705078e-01,5.000000074505805969e-02,4.499999880790710449e-01,5.565860308706760406e-03,7.224358320236206055e-01,5.212674662470817566e-02,9.886162281036376953e-01,-1.915638335049152374e-02,1.492346376180648804e-01,0.000000000000000000e+00,9.844858646392822266e-01,1.467217504978179932e-01,-9.623057395219802856e-02,0.000000000000000000e+00,7.198327183723449707e-01,1.098031327128410339e-01,6.854079961776733398e-01,0.000000000000000000e+00,2.822674512863159180e-01,-6.146570444107055664e-01,-7.365608215332031250e-01,0.000000000000000000e+00,2.967175543308258057e-01,9.298981428146362305e-01,2.173664271831512451e-01,0.000000000000000000e+00,5.897158980369567871e-01,6.342356204986572266e-01,4.999803900718688965e-01,0.000000000000000000e+00,6.437674164772033691e-01,7.620253562927246094e-01,6.986337900161743164e-02,0.000000000000000000e+00
5.299999713897705078e-01,5.000000074505805969e-02,4.499999880790710449e-01,5.651358049362897873e-03,7.224904298782348633e-01,5.220591649413108826e-02,9.887797832489013672e-01,-1.789548993110656738e-02,1.483046710491180420e-01,0.000000000000000000e+00,9.852205514907836914e-01,1.427756547927856445e-01,-9.463393688201904297e-02,0.000000000000000000e+00,7.197823524475097656e-01,1.094316169619560242e-01,6.855202913284301758e-01,0.000000000000000000e+00,2.821638882160186768e-01,-6.125594377517700195e-01,-7.383457422256469727e-01,0.000000000000000000e+00,2.959324121475219727e-01,9.301170110702514648e-01,2.175002247095108032e-01,0.000000000000000000e+00,5.905162096023559570e-01,6.346906423568725586e-01,4.984560310840606689e-01,0.000000000000000000e+00,6.433376073837280273e-01,7.623793482780456543e-01,6.996025145053863525e-02,0.000000000000000000e+00
5.299999713897705078e-01,5.000000074505805969e-02,4.499999880790710449e-01,5.713263526558876038e-03,7.225299477577209473e-01,5.226323753595352173e-02,9.889444708824157715e-01,-1.669200137257575989e-02,1.473438143730163574e-01,0.000000000000000000e+00,9.858870506286621094e-01,1.391288191080093384e-01,-9.311238676309585571e-02,0.000000000000000000e+00,7.196652293205261230e-01,1.092987433075904846e-01,6.856644153594970703e-01,0.000000000000000000e+00,2.820269167423248291e-01,-6.112037897109985352e-01,-7.395206093788146973e-01,0.000000000000000000e+00,2.952159941196441650e-01,9.302707910537719727e-01,2.178160250186920166e-01,0.000000000000000000e+00,5.911477804183959961e-01,6.349790096282958984e-01,4.973388910293579102e-01,0.000000000000000000e+00,6.430104374885559082e-01,7.626563310623168945e-01,6.994917988777160645e-02,0.000000000000000000e+00
5.299999713897705078e-01,5.000000074505805969e-02,4.499999880790710449e-01,5.792952608317136765e-03,7.225807905197143555e-01,5.233703181147575378e-02,9.891522526741027832e-01,-1.514394674450159073e-02,1.461113244295120239e-01,0.000000000000000000e+00,9.867172241210937500e-01,1.344543397426605225e-01,-9.116534888744354248e-02,0.000000000000000000e+00,7.195251584053039551e-01,1.091223880648612976e-01,6.858395338058471680e-01,0.000000000000000000e+00,2.818711400032043457e-01,-6.094515323638916016e-01,-7.410246133804321289e-01,0.000000000000000000e+00,2.944065034389495850e-01,9.304339289665222168e-01,2.182144820690155029e-01,0.000000000000000000e+00,5.918870568275451660e-01,6.353900432586669922e-01,4.959326982498168945e-01,0.000000000000000000e+00,6.426228284835815430e-01,7.629845142364501953e-01,6.993231922388076782e-02,0.000000000000000000e+00
5.299999713897705078e-01,5.000000074505805969e-02,4.499999880790710449e-01,5.905332975089550018e-03,7.226505279541015625e-01,5.230756849050521851e-02,9.892893433570861816e-01,-1.409879326820373535e-02,1.452852040529251099e-01,0.000000000000000000e+00,9.872489571571350098e-01,1.312293559312820435e-01,-9.010197967290878296e-02,0.000000000000000000e+00,7.196433544158935547e-01,1.093908324837684631e-01,6.856727004051208496e-01,0.000000000000000000e+00,2.817277908325195312e-01,-6.094963550567626953e-01,-7.410422563552856445e-01,0.000000000000000000e+00,2.937054038047790527e-01,9.305694699287414551e-01,2.185809612274169922e-01,0.000000000000000000e+00,5.920968651771545410e-01,6.358761191368103027e-01,4.950584471225738525e-01,0.000000000000000000e+00,6.423550248146057129e-01,7.632122635841369629e-01,6.990806013345718384e-02,0.000000000000000000e+00
5.299999713897705078e-01,5.000000074505805969e-02,4.499999880790710449e-01,6.049998570233583450e-03,7.227402925491333008e-01,5.226964503526687622e-02,9.894479513168334961e-01,-1.286260969936847687e-02,1.443166881799697876e-01,0.000000000000000000e+00,9.878419041633605957e-01,1.273037195205688477e-01,-8.923082798719406128e-02,0.000000000000000000e+00,7.200863361358642578e-01,1.103152260184288025e-01,6.850593090057373047e-01,0.000000000000000000e+00,2.815041244029998779e-01,-6.114534139633178711e-01,-7.395134568214416504e-01,0.000000000000000000e+00,2.926534712314605713e-01,9.307636618614196777e-01,2.191642671823501587e-01,0.000000000000000000e+00,5.919539928436279297e-01,6.367421150207519531e-01,4.941153526306152344e-01,0.000000000000000000e+00,6.420240998268127441e-01,7.634950280189514160e-01,6.985977292060852051e-02,0.000000000000000000e+00
5.299999713897705078e-01,5.000000074505805969e-02,4.499999880790710449e-01,6.154744420200586319e-03,7.228052616119384766e-01,5.224218592047691345e-02,9.895602464675903320e-01,-1.197280641645193100e-02,1.436217576265335083e-01,0.000000000000000000e+00,9.882560968399047852e-01,1.244799271225929260e-01,-8.862651139497756958e-02,0.000000000000000000e+00,7.203733921051025391e-01,1.110337525606155396e-01,6.846412420272827148e-01,0.000000000000000000e+00,2.813586294651031494e-01,-6.129474639892578125e-01,-7.383310794830322266e-01,0.000000000000000000e+00,2.919748425483703613e-01,9.308775663375854492e-01,2.195850759744644165e-01,0.000000000000000000e+00,5.918520092964172363e-01,6.373685002326965332e-01,4.934293925762176514e-01,0.000000000000000000e+00,6.417971253395080566e-01,7.636893987655639648e-01,6.982095539569854736e-02,0.000000000000000000e+00
5.299999713897705078e-01,5.000000074505805969e-02,4.499999880790710449e-01,6.265777628868818283e-03,7.228261828422546387e-01,5.223545432090759277e-02,9.897130131721496582e-01,-1.080668810755014420e-02,1.426583677530288696e-01,0.000000000000000000e+00,9.889171123504638672e-01,1.203565523028373718e-01,-8.693266659975051880e-02,0.000000000000000000e+00,7.203758955001831055e-01,1.119656041264533997e-01,6.844868659973144531e-01,0.000000000000000000e+00,2.812583148479461670e-01,-6.145779490470886230e-01,-7.370126843452453613e-01,0.000000000000000000e+00,2.916915416717529297e-01,9.309257268905639648e-01,2.197573930025100708e-01,0.000000000000000000e+00,5.918577313423156738e-01,6.379265189170837402e-01,4.927008748054504395e-01,0.000000000000000000e+00,6.415290832519531250e-01,7.639197707176208496e-01,6.976406276226043701e-02,0.000000000000000000e+00
5.299999713897705078e-01,5.000000074505805969e-02,4.499999880790710449e-01,6.408708635717630386e-03,7.228530645370483398e-01,5.222679302096366882e-02,9.899696707725524902e-01,-8.868061937391757965e-03,1.410014778375625610e-01,0.000000000000000000e+00,9.901037216186523438e-01,1.130497381091117859e-01,-8.315281569957733154e-02,0.000000000000000000e+00,7.202198505401611328e-01,1.133155897259712219e-01,6.844289302825927734e-01,0.000000000000000000e+00,2.811800241470336914e-01,-6.169383525848388672e-01,-7.350679636001586914e-01,0.000000000000000000e+00,2.917944490909576416e-01,9.309204220771789551e-01,2.196432054042816162e-01,0.000000000000000000e+00,5.919235348701477051e-01,6.386170983314514160e-01,4.917262196540832520e-01,0.000000000000000000e+00,6.411729454994201660e-01,7.642266154289245605e-01,6.967723369598388672e-02,0.000000000000000000e+00
5.299999713897705078e-01,5.000000074505805969e-02,4.499999880790710449e-01,6.512199062854051590e-03,7.228724956512451172e-01,5.222051963210105896e-02,9.901536107063293457e-01,-7.446124218404293060e-03,1.397870928049087524e-01,0.000000000000000000e+00,9.909329414367675781e-01,1.076816767454147339e-01,-8.035296201705932617e-02,0.000000000000000000e+00,7.201175093650817871e-01,1.142950877547264099e-01,6.843736767768859863e-01,0.000000000000000000e+00,2.811304032802581787e-01,-6.186543703079223633e-01,-7.336432933807373047e-01,0.000000000000000000e+00,2.918776571750640869e-01,9.309171438217163086e-01,2.195466458797454834e-01,0.000000000000000000e+00,5.919507741928100586e-01,6.391275525093078613e-01,4.910297393798828125e-01,0.000000000000000000e+00,6.409385800361633301e-01,7.644286751747131348e-01,6.961700320243835449e-02,0.000000000000000000e+00
5.299999713897705078e-01,5.000000074505805969e-02,4.499999880790710449e-01,6.491761188954114914e-03,7.228990197181701660e-01,5.214724689722061157e-02,9.903032183647155762e-01,-6.209540646523237228e-03,1.387841254472732544e-01,0.000000000000000000e+00,9.915692806243896484e-01,1.032808870077133179e-01,-7.825206965208053589e-02,0.000000000000000000e+00,7.200581431388854980e-01,1.152860373258590698e-01,6.842699646949768066e-01,0.000000000000000000e+00,2.811990380287170410e-01,-6.205872893333435059e-01,-7.319825887680053711e-01,0.000000000000000000e+00,2.919381260871887207e-01,9.309072494506835938e-01,2.195081412792205811e-01,0.000000000000000000e+00,5.918142199516296387e-01,6.397112011909484863e-01,4.904339909553527832e-01,0.000000000000000000e+00,6.407553553581237793e-01,7.645836472511291504e-01,6.960205733776092529e-02,0.000000000000000000e+00
5.299999713897705078e-01,5.000000074505805969e-02,4.499999880790710449e-01,6.465451791882514954e-03,7.229331731796264648e-01,5.205292254686355591e-02,9.904558658599853516e-01,-4.824479576200246811e-03,1.377459317445755005e-01,0.000000000000000000e+00,9.921688437461853027e-01,9.878413379192352295e-02,-7.643774151802062988e-02,0.000000000000000000e+00,7.200064659118652344e-01,1.165834888815879822e-01,6.841045022010803223e-01,0.000000000000000000e+00,2.814297676086425781e-01,-6.234648227691650391e-01,-7.294442653656005859e-01,0.000000000000000000e+00,2.919902503490447998e-01,9.308838248252868652e-01,2.195381075143814087e-01,0.000000000000000000e+00,5.915548801422119141e-01,6.405064463615417480e-01,4.897084236145019531e-01,0.000000000000000000e+00,6.405557990074157715e-01,7.647501230239868164e-01,6.960958987474441528e-02,0.000000000000000000e+00
5.299999713897705078e-01,5.000000074505805969e-02,4.499999880790710449e-01,6.446402519941329956e-03,7.229579091072082520e-01,5.198462679982185364e-02,9.905626177787780762e-01,-3.831024514511227608e-03,1.370072215795516968e-01,0.000000000000000000e+00,9.925791025161743164e-01,9.558579325675964355e-02,-7.516710460186004639e-02,0.000000000000000000e+00,7.199705839157104492e-01,1.175300702452659607e-01,6.839802861213684082e-01,0.000000000000000000e+00,2.815801203250885010e-01,-6.255639195442199707e-01,-7.275867462158203125e-01,0.000000000000000000e+00,2.920226454734802246e-01,9.308676719665527344e-01,2.195635735988616943e-01,0.000000000000000000e+00,5.913847088813781738e-01,6.410726308822631836e-01,4.891727864742279053e-01,0.000000000000000000e+00,6.404267549514770508e-01,7.648578882217407227e-01,6.961327791213989258e-02,0.000000000000000000e+00
5.299999713897705078e-01,5.000000074505805969e-02,4.499999880790710449e-01,6.435589864850044250e-03,7.229536771774291992e-01,5.191732197999954224e-02,9.906497597694396973e-01,-2.995636314153671265e-03,1.363966614007949829e-01,0.000000000000000000e+00,9.928714632987976074e-01,9.310060739517211914e-02,-7.442118227481842041e-02,0.000000000000000000e+00,7.199299931526184082e-01,1.185363456606864929e-01,6.838493347167968750e-01,0.000000000000000000e+00,2.817971706390380859e-01,-6.276719570159912109e-01,-7.256847023963928223e-01,0.000000000000000000e+00,2.919040322303771973e-01,9.308922290802001953e-01,2.196172028779983521e-01,0.000000000000000000e+00,5.912460088729858398e-01,6.416198015213012695e-01,4.886227846145629883e-01,0.000000000000000000e+00,6.403487920761108398e-01,7.649236917495727539e-01,6.960712373256683350e-02,0.000000000000000000e+00
5.299999713897705078e-01,5.000000074505805969e-02,4.499999880790710449e-01,6.421670783311128616e-03,7.229482531547546387e-01,5.183067917823791504e-02,9.907389879226684570e-01,-2.106099389493465424e-03,1.357638984918594360e-01,0.000000000000000000e+00,9.931043982505798340e-01,9.079324454069137573e-02,-7.416378706693649292e-02,0.000000000000000000e+00,7.198756337165832520e-01,1.198845654726028442e-01,6.836715340614318848e-01,0.000000000000000000e+00,2.821618318557739258e-01,-6.304909586906433105e-01,-7.230946421623229980e-01,0.000000000000000000e+00,2.915667891502380371e-01,9.309722781181335449e-01,2.197257429361343384e-01,0.000000000000000000e+00,5.910912752151489258e-01,6.423181295394897461e-01,4.878919422626495361e-01,0.000000000000000000e+00,6.402802467346191406e-01,7.649823427200317383e-01,6.959290057420730591e-02,0.000000000000000000e+00
5.299999713897705078e-01,5.000000074505805969e-02,4.499999880790710449e-01,6.414918228983879089e-03,7.229455709457397461e-01,5.178864672780036926e-02,9.907811284065246582e-01,-1.680089044384658337e-03,1.354620605707168579e-01,0.000000000000000000e+00,9.932113289833068848e-01,8.970133960247039795e-02,-7.406029850244522095e-02,0.000000000000000000e+00,7.198505401611328125e-01,1.205380409955978394e-01,6.835830211639404297e-01,0.000000000000000000e+00,2.823216617107391357e-01,-6.318620443344116211e-01,-7.218343615531921387e-01,0.000000000000000000e+00,2.914149165153503418e-01,9.310074448585510254e-01,2.197783440351486206e-01,0.000000000000000000e+00,5.910217761993408203e-01,6.426532864570617676e-01,4.875346124172210693e-01,0.000000000000000000e+00,6.402493119239807129e-01,7.650088667869567871e-01,6.958582997322082520e-02,0.000000000000000000e+00
5.299999713897705078e-01,5.000000074505805969e-02,4.499999880790710449e-01,6.338956300169229507e-03,7.229640483856201172e-01,5.168500542640686035e-02,9.908887743949890137e-01,-5.869989981874823570e-04,1.346815228462219238e-01,0.000000000000000000e+00,9.935353398323059082e-01,8.676846325397491455e-02,-7.320372760295867920e-02,0.000000000000000000e+00,7.197782397270202637e-01,1.219998896121978760e-01,6.833997964859008789e-01,0.000000000000000000e+00,2.824186086654663086e-01,-6.343585848808288574e-01,-7.196033000946044922e-01,0.000000000000000000e+00,2.901267111301422119e-01,9.311792254447937012e-01,2.207527011632919312e-01,0.000000000000000000e+00,5.909682512283325195e-01,6.432545185089111328e-01,4.868060648441314697e-01,0.000000000000000000e+00,6.401358842849731445e-01,7.651058435440063477e-01,6.956375390291213989e-02,0.000000000000000000e+00
5.299999713897705078e-01,5.000000074505805969e-02,4.499999880790710449e-01,6.283956114202737808e-03,7.229773998260498047e-01,5.160996317863464355e-02,9.909803867340087891e-01,3.557589079719036818e-04,1.340063512325286865e-01,0.000000000000000000e+00,9.938301444053649902e-01,8.418427407741546631e-02,-7.221214473247528076e-02,0.000000000000000000e+00,7.197141051292419434e-01,1.231677830219268799e-01,6.832578778266906738e-01,0.000000000000000000e+00,2.823799550533294678e-01,-6.360697150230407715e-01,-7.181064486503601074e-01,0.000000000000000000e+00,2.887412309646606445e-01,9.313262104988098145e-01,2.219458222389221191e-01,0.000000000000000000e+00,5.909724831581115723e-01,6.436635851860046387e-01,4.862599074840545654e-01,0.000000000000000000e+00,6.400282382965087891e-01,7.651978135108947754e-01,6.954266130924224854e-02,0.000000000000000000e+00
5.299999713897705078e-01,5.000000074505805969e-02,4.499999880790710449e-01,6.248199846595525742e-03,7.229860424995422363e-01,5.156117677688598633e-02,9.910391569137573242e-01,9.685383411124348640e-04,1.335681974887847900e-01,0.000000000000000000e+00,9.940174221992492676e-01,8.250625431537628174e-02,-7.156886905431747437e-02,0.000000000000000000e+00,7.197064757347106934e-01,1.239105984568595886e-01,6.831315755844116211e-01,0.000000000000000000e+00,2.823563218116760254e-01,-6.371800303459167480e-01,-7.171307802200317383e-01,0.000000000000000000e+00,2.879212200641632080e-01,9.313963055610656738e-01,2.227156460285186768e-01,0.000000000000000000e+00,5.909848213195800781e-01,6.439267992973327637e-01,4.858962893486022949e-01,0.000000000000000000e+00,6.399637460708618164e-01,7.652530074119567871e-01,6.952837854623794556e-02,0.000000000000000000e+00
5.299999713897705078e-01,5.000000074505805969e-02,4.499999880790710449e-01,6.166748236864805222e-03,7.230176329612731934e-01,5.145810917019844055e-02,9.911356568336486816e-01,1.996305072680115700e-03,1.328387707471847534e-01,0.000000000000000000e+00,9.943412542343139648e-01,7.963074743747711182e-02,-7.031660526990890503e-02,0.000000000000000000e+00,7.200148701667785645e-01,1.248404607176780701e-01,6.826371550559997559e-01,0.000000000000000000e+00,2.823225259780883789e-01,-6.388896107673645020e-01,-7.156214118003845215e-01,0.000000000000000000e+00,2.869230210781097412e-01,9.314421415328979492e-01,2.238096594810485840e-01,0.000000000000000000e+00,5.910986661911010742e-01,6.442868113517761230e-01,4.852801859378814697e-01,0.000000000000000000e+00,6.398891210556030273e-01,7.653176188468933105e-01,6.950453668832778931e-02,0.000000000000000000e+00
5.299999713897705078e-01,5.000000074505805969e-02,4.499999880790710449e-01,6.061897147446870804e-03,7.230582833290100098e-01,5.132543295621871948e-02,9.912737607955932617e-01,3.509284928441047668e-03,1.317724585533142090e-01,0.000000000000000000e+00,9.948205351829528809e-01,7.532153278589248657e-02,-6.825533509254455566e-02,0.000000000000000000e+00,7.205917835235595703e-01,1.259393841028213501e-01,6.818260550498962402e-01,0.000000000000000000e+00,2.822804152965545654e-01,-6.412122845649719238e-01,-7.135576605796813965e-01,0.000000000000000000e+00,2.859264910221099854e-01,9.314202666282653809e-01,2.251718044281005859e-01,0.000000000000000000e+00,5.912942290306091309e-01,6.447414755821228027e-01,4.844373762607574463e-01,0.000000000000000000e+00,6.398099660873413086e-01,7.653867602348327637e-01,6.947160512208938599e-02,0.000000000000000000e+00
5.299999713897705078e-01,5.000000074505805969e-02,4.499999880790710449e-01,6.005937699228525162e-03,7.231041193008422852e-01,5.120837688446044922e-02,9.913693666458129883e-01,4.579498432576656342e-03,1.310185194015502930e-01,0.000000000000000000e+00,9.951355457305908203e-01,7.234197109937667847e-02,-6.687210500240325928e-02,0.000000000000000000e+00,7.210114598274230957e-01,1.267549395561218262e-01,6.812309622764587402e-01,0.000000000000000000e+00,2.822772860527038574e-01,-6.429090499877929688e-01,-7.120305299758911133e-01,0.000000000000000000e+00,2.852715253829956055e-01,9.313797354698181152e-01,2.261679768562316895e-01,0.000000000000000000e+00,5.914542078971862793e-01,6.450550556182861328e-01,4.838242828845977783e-01,0.000000000000000000e+00,6.397464871406555176e-01,7.654438018798828125e-01,6.942816078662872314e-02,0.000000000000000000e+00
5.299999713897705078e-01,5.000000074505805969e-02,4.499999880790710449e-01,5.961470305919647217e-03,7.231565713882446289e-01,5.108446255326271057e-02,9.914525151252746582e-01,5.522850900888442993e-03,1.303510814905166626e-01,0.000000000000000000e+00,9.953741431236267090e-01,6.991928815841674805e-02,-6.589122861623764038e-02,0.000000000000000000e+00,7.214803695678710938e-01,1.275947690010070801e-01,6.805774569511413574e-01,0.000000000000000000e+00,2.823429405689239502e-01,-6.445922851562500000e-01,-7.104809880256652832e-01,0.000000000000000000e+00,2.846257984638214111e-01,9.313309192657470703e-01,2.271803766489028931e-01,0.000000000000000000e+00,5.916845202445983887e-01,6.453027129173278809e-01,4.832119643688201904e-01,0.000000000000000000e+00,6.396590471267700195e-01,7.655256986618041992e-01,6.933082640171051025e-02,0.000000000000000000e+00
5.299999713897705078e-01,5.000000074505805969e-02,4.499999880790710449e-01,5.918323062360286713e-03,7.232075333595275879e-01,5.096422508358955383e-02,9.915301799774169922e-01,6.418340373784303665e-03,1.297177076339721680e-01,0.000000000000000000e+00,9.955872893333435059e-01,6.766755878925323486e-02,-6.501578539609909058e-02,0.000000000000000000e+00,7.219261527061462402e-01,1.284231394529342651e-01,6.799486279487609863e-01,0.000000000000000000e+00,2.824126183986663818e-01,-6.462321281433105469e-01,-7.089620232582092285e-01,0.000000000000000000e+00,2.840501964092254639e-01,9.312651157379150391e-01,2.281683534383773804e-01,0.000000000000000000e+00,5.919083952903747559e-01,6.455398201942443848e-01,4.826207160949707031e-01,0.000000000000000000e+00,6.395739316940307617e-01,7.656064033508300781e-01,6.922452896833419800e-02,0.000000000000000000e+00
5.299999713897705078e-01,5.000000074505805969e-02,4.499999880790710449e-01,5.899496842175722122e-03,7.232447862625122070e-01,5.088758468627929688e-02,9.915790557861328125e-01,6.991044152528047562e-03,1.293139755725860596e-01,0.000000000000000000e+00,9.957178235054016113e-01,6.624609977006912231e-02,-6.447863578796386719e-02,0.000000000000000000e+00,7.221945524215698242e-01,1.289493739604949951e-01,6.795638799667358398e-01,0.000000000000000000e+00,2.824526727199554443e-01,-6.473139524459838867e-01,-7.079584002494812012e-01,0.000000000000000000e+00,2.837274968624114990e-01,9.312099814414978027e-01,2.287939488887786865e-01,0.000000000000000000e+00,5.920495986938476562e-01,6.456996798515319824e-01,4.822335839271545410e-01,0.000000000000000000e+00,6.395209431648254395e-01,7.656567096710205078e-01,6.915745139122009277e-02,0.000000000000000000e+00
5.299999713897705078e-01,5.000000074505805969e-02,4.499999880790710449e-01,5.881042219698429108e-03,7.233251929283142090e-01,5.074184387922286987e-02,9.916591048240661621e-01,7.961724884808063507e-03,1.286424696445465088e-01,0.000000000000000000e+00,9.958948493003845215e-01,6.410712748765945435e-02,-6.390365213155746460e-02,0.000000000000000000e+00,7.225822210311889648e-01,1.297577768564224243e-01,6.789976954460144043e-01,0.000000000000000000e+00,2.825148701667785645e-01,-6.496598720550537109e-01,-7.057814002037048340e-01,0.000000000000000000e+00,2.834218740463256836e-01,9.310575127601623535e-01,2.297911643981933594e-01,0.000000000000000000e+00,5.923771262168884277e-01,6.460281610488891602e-01,4.813905954360961914e-01,0.000000000000000000e+00,6.394125223159790039e-01,7.657560110092163086e-01,6.906068325042724609e-02,0.000000000000000000e+00
5.299999713897705078e-01,5.000000074505805969e-02,4.499999880790710449e-01,5.863314494490623474e-03,7.234023809432983398e-01,5.060184001922607422e-02,9.917301535606384277e-01,8.847610093653202057e-03,1.280354559421539307e-01,0.000000000000000000e+00,9.960375428199768066e-01,6.225836649537086487e-02,-6.350664049386978149e-02,0.000000000000000000e+00,7.228930592536926270e-01,1.304669678211212158e-01,6.785307526588439941e-01,0.000000000000000000e+00,2.825617790222167969e-01,-6.519908905029296875e-01,-7.036097645759582520e-01,0.000000000000000000e+00,2.832496166229248047e-01,9.308910369873046875e-01,2.306762933731079102e-01,0.000000000000000000e+00,5.926834344863891602e-01,6.463643908500671387e-01,4.805615842342376709e-01,0.000000000000000000e+00,6.393138170242309570e-01,7.658458352088928223e-01,6.897821277379989624e-02,0.000000000000000000e+00
5.299999713897705078e-01,5.000000074505805969e-02,4.499999880790710449e-01,5.827310029417276382e-03,7.234454751014709473e-01,5.057199671864509583e-02,9.917693138122558594e-01,9.352759458124637604e-03,1.276956498622894287e-01,0.000000000000000000e+00,9.961364865303039551e-01,6.107055023312568665e-02,-6.310719996690750122e-02,0.000000000000000000e+00,7.231140732765197754e-01,1.307901889085769653e-01,6.782329678535461426e-01,0.000000000000000000e+00,2.825551927089691162e-01,-6.531322002410888672e-01,-7.025531530380249023e-01,0.000000000000000000e+00,2.829945087432861328e-01,9.308293461799621582e-01,2.312376052141189575e-01,0.000000000000000000e+00,5.927857160568237305e-01,6.465531587600708008e-01,4.801813066005706787e-01,0.000000000000000000e+00,6.392662525177001953e-01,7.658881545066833496e-01,6.894896179437637329e-02,0.000000000000000000e+00
5.299999713897705078e-01,5.000000074505805969e-02,4.499999880790710449e-01,5.757436156272888184e-03,7.235289812088012695e-01,5.051407217979431152e-02,9.918609857559204102e-01,1.058365404605865479e-02,1.268849521875381470e-01,0.000000000000000000e+00,9.964233040809631348e-01,5.779800936579704285e-02,-6.164433807134628296e-02,0.000000000000000000e+00,7.237748503684997559e-01,1.313487887382507324e-01,6.774197220802307129e-01,0.000000000000000000e+00,2.824594974517822266e-01,-6.553824543952941895e-01,-7.004930377006530762e-01,0.000000000000000000e+00,2.819765806198120117e-01,9.307583570480346680e-01,2.327619045972824097e-01,0.000000000000000000e+00,5.928571224212646484e-01,6.469897627830505371e-01,4.795046746730804443e-01,0.000000000000000000e+00,6.391705870628356934e-01,7.659698724746704102e-01,6.892831623554229736e-02,0.000000000000000000e+00
5.299999713897705078e-01,5.000000074505805969e-02,4.499999880790710449e-01,5.690315738320350647e-03,7.236092686653137207e-01,5.045843496918678284e-02,9.919496178627014160e-01,1.181006804108619690e-02,1.260810643434524536e-01,0.000000000000000000e+00,9.967029690742492676e-01,5.448652431368827820e-02,-6.012012809514999390e-02,0.000000000000000000e+00,7.244051694869995117e-01,1.318811774253845215e-01,6.766420602798461914e-01,0.000000000000000000e+00,2.823643088340759277e-01,-6.575428843498229980e-01,-6.985039710998535156e-01,0.000000000000000000e+00,2.810387909412384033e-01,9.306578636169433594e-01,2.342928946018218994e-01,0.000000000000000000e+00,5.928993821144104004e-01,6.474232673645019531e-01,4.788668155670166016e-01,0.000000000000000000e+00,6.390854716300964355e-01,7.660421729087829590e-01,6.891429424285888672e-02,0.000000000000000000e+00
5.299999713897705078e-01,5.000000074505805969e-02,4.499999880790710449e-01,5.670565646141767502e-03,7.236621379852294922e-01,5.043202266097068787e-02,9.919908642768859863e-01,1.239275932312011719e-02,1.257003247737884521e-01,0.000000000000000000e+00,9.968284964561462402e-01,5.293716862797737122e-02,-5.941854789853096008e-02,0.000000000000000000e+00,7.246708273887634277e-01,1.321775168180465698e-01,6.762996912002563477e-01,0.000000000000000000e+00,2.823091447353363037e-01,-6.585597395896911621e-01,-6.975676417350769043e-01,0.000000000000000000e+00,2.805860638618469238e-01,9.305969476699829102e-01,2.350762039422988892e-01,0.000000000000000000e+00,5.928534269332885742e-01,6.476768255233764648e-01,4.785807728767395020e-01,0.000000000000000000e+00,6.390839815139770508e-01,7.660413980484008789e-01,6.893681734800338745e-02,0.000000000000000000e+00
5.299999713897705078e-01,5.000000074505805969e-02,4.499999880790710449e-01,5.657352041453123093e-03,7.237920761108398438e-01,5.038189515471458435e-02,9.920554757118225098e-01,1.334046851843595505e-02,1.250917911529541016e-01,0.000000000000000000e+00,9.969888329505920410e-01,5.077239498496055603e-02,-5.861213430762290955e-02,0.000000000000000000e+00,7.250837683677673340e-01,1.328730881214141846e-01,6.757205724716186523e-01,0.000000000000000000e+00,2.820249199867248535e-01,-6.601041555404663086e-01,-6.962215304374694824e-01,0.000000000000000000e+00,2.791319787502288818e-01,9.304828047752380371e-01,2.372490465641021729e-01,0.000000000000000000e+00,5.925617218017578125e-01,6.483019590377807617e-01,4.780953824520111084e-01,0.000000000000000000e+00,6.392005681991577148e-01,7.659313082695007324e-01,6.907896697521209717e-02,0.000000000000000000e+00
5.299999713897705078e-01,5.000000074505805969e-02,4.499999880790710449e-01,5.650941748172044754e-03,7.238551378250122070e-01,5.035757645964622498e-02,9.920840263366699219e-01,1.376968435943126678e-02,1.248185709118843079e-01,0.000000000000000000e+00,9.970522522926330566e-01,4.986294731497764587e-02,-5.831376835703849792e-02,0.000000000000000000e+00,7.252660393714904785e-01,1.332227289676666260e-01,6.754560470581054688e-01,0.000000000000000000e+00,2.818706333637237549e-01,-6.607788205146789551e-01,-6.956437826156616211e-01,0.000000000000000000e+00,2.783917188644409180e-01,9.304085373878479004e-01,2.384072691202163696e-01,0.000000000000000000e+00,5.924125313758850098e-01,6.486107110977172852e-01,4.778613746166229248e-01,0.000000000000000000e+00,6.392636299133300781e-01,7.658716440200805664e-01,6.915698200464248657e-02,0.000000000000000000e+00
5.299999713897705078e-01,5.000000074505805969e-02,4.499999880790710449e-01,5.636387970298528671e-03,7.239580154418945312e-01,5.036037042737007141e-02,9.921307563781738281e-01,1.447149086743593216e-02,1.243671849370002747e-01,0.000000000000000000e+00,9.971693158149719238e-01,4.824722930788993835e-02,-5.766798183321952820e-02,0.000000000000000000e+00,7.256023287773132324e-01,1.336596757173538208e-01,6.750083565711975098e-01,0.000000000000000000e+00,2.816748023033142090e-01,-6.617910265922546387e-01,-6.947603821754455566e-01,0.000000000000000000e+00,2.774547338485717773e-01,9.302592873573303223e-01,2.400761395692825317e-01,0.000000000000000000e+00,5.922635197639465332e-01,6.490141749382019043e-01,4.774982035160064697e-01,0.000000000000000000e+00,6.393398046493530273e-01,7.657969594001770020e-01,6.927948445081710815e-02,0.000000000000000000e+00
5.299999713897705078e-01,5.000000074505805969e-02,4.499999880790710449e-01,5.614270456135272980e-03,7.240974903106689453e-01,5.038903653621673584e-02,9.922109246253967285e-01,1.566899009048938751e-02,1.235795617103576660e-01,0.000000000000000000e+00,9.974145889282226562e-01,4.503125697374343872e-02,-5.600327998399734497e-02,0.000000000000000000e+00,7.261234521865844727e-01,1.341174542903900146e-01,6.743569374084472656e-01,0.000000000000000000e+00,2.814908623695373535e-01,-6.632068157196044922e-01,-6.934837102890014648e-01,0.000000000000000000e+00,2.765836119651794434e-01,9.299831390380859375e-01,2.421421557664871216e-01,0.000000000000000000e+00,5.921661257743835449e-01,6.494670510292053223e-01,4.770029485225677490e-01,0.000000000000000000e+00,6.394147872924804688e-01,7.657189369201660156e-01,6.944929808378219604e-02,0.000000000000000000e+00
5.299999713897705078e-01,5.000000074505805969e-02,4.499999880790710449e-01,5.591853521764278412e-03,7.241873145103454590e-01,5.040249228477478027e-02,9.922717213630676270e-01,1.658629067242145538e-02,1.229705363512039185e-01,0.000000000000000000e+00,9.976012110710144043e-01,4.249662905931472778e-02,-5.464269593358039856e-02,0.000000000000000000e+00,7.264713644981384277e-01,1.344496011734008789e-01,6.739159226417541504e-01,0.000000000000000000e+00,2.813896238803863525e-01,-6.642525196075439453e-01,-6.925233006477355957e-01,0.000000000000000000e+00,2.760274708271026611e-01,9.297584295272827148e-01,2.436351627111434937e-01,0.000000000000000000e+00,5.920910835266113281e-01,6.498000621795654297e-01,4.766424596309661865e-01,0.000000000000000000e+00,6.394779682159423828e-01,7.656548619270324707e-01,6.957436352968215942e-02,0.000000000000000000e+00
5.299999713897705078e-01,5.000000074505805969e-02,4.499999880790710449e-01,5.546261556446552277e-03,7.242739200592041016e-01,5.040073394775390625e-02,9.923749566078186035e-01,1.804260723292827606e-02,1.219279468059539795e-01,0.000000000000000000e+00,9.979303479194641113e-01,3.797061368823051453e-02,-5.189706012606620789e-02,0.000000000000000000e+00,7.267477512359619141e-01,1.348945051431655884e-01,6.735289096832275391e-01,0.000000000000000000e+00,2.814517617225646973e-01,-6.657823324203491211e-01,-6.910273432731628418e-01,0.000000000000000000e+00,2.750467658042907715e-01,9.294999241828918457e-01,2.457216680049896240e-01,0.000000000000000000e+00,5.917915701866149902e-01,6.503971815109252930e-01,4.761998057365417480e-01,0.000000000000000000e+00,6.397633552551269531e-01,7.653998732566833496e-01,6.975635141134262085e-02,0.000000000000000000e+00
5.299999713897705078e-01,5.000000074505805969e-02,4.499999880790710449e-01,5.502465646713972092e-03,7.243571877479553223e-01,5.039904639124870300e-02,9.924791455268859863e-01,1.952866837382316589e-02,1.208459958434104919e-01,0.000000000000000000e+00,9.982488751411437988e-01,3.322112560272216797e-02,-4.894413799047470093e-02,0.000000000000000000e+00,7.269494533538818359e-01,1.353289037942886353e-01,6.732240319252014160e-01,0.000000000000000000e+00,2.815555036067962646e-01,-6.673108935356140137e-01,-6.895090341567993164e-01,0.000000000000000000e+00,2.741294801235198975e-01,9.292272925376892090e-01,2.477694451808929443e-01,0.000000000000000000e+00,5.914676785469055176e-01,6.510069966316223145e-01,4.757687449455261230e-01,0.000000000000000000e+00,6.400768756866455078e-01,7.651209235191345215e-01,6.993965059518814087e-02,0.000000000000000000e+00
5.299999713897705078e-01,5.000000074505805969e-02,4.499999880790710449e-01,5.481219384819269180e-03,7.243975400924682617e-01,5.039822682738304138e-02,9.925283789634704590e-01,2.024958468973636627e-02,1.203217729926109314e-01,0.000000000000000000e+00,9.983921647071838379e-01,3.091607615351676941e-02,-4.751121252775192261e-02,0.000000000000000000e+00,7.270521521568298340e-01,1.355359554290771484e-01,6.730714440345764160e-01,0.000000000000000000e+00,2.815999090671539307e-01,-6.680524349212646484e-01,-6.887724399566650391e-01,0.000000000000000000e+00,2.737323939800262451e-01,9.290799498558044434e-01,2.487590610980987549e-01,0.000000000000000000e+00,5.913245677947998047e-01,6.512968540191650391e-01,4.755498766899108887e-01,0.000000000000000000e+00,6.402139663696289062e-01,7.649980187416076660e-01,7.002923637628555298e-02,0.000000000000000000e+00
5.299999713897705078e-01,5.000000074505805969e-02,4.499999880790710449e-01,5.365494638681411743e-03,7.244471311569213867e-01,5.034670978784561157e-02,9.926274418830871582e-01,2.176690287888050079e-02,1.192346736788749695e-01,0.000000000000000000e+00,9.987025856971740723e-01,2.551741525530815125e-02,-4.406780004501342773e-02,0.000000000000000000e+00,7.273933291435241699e-01,1.358718276023864746e-01,6.726349592208862305e-01,0.000000000000000000e+00,2.818138301372528076e-01,-6.693261861801147461e-01,-6.874470114707946777e-01,0.000000000000000000e+00,2.722903788089752197e-01,9.288225769996643066e-01,2.512899041175842285e-01,0.000000000000000000e+00,5.910972952842712402e-01,6.518667340278625488e-01,4.750513136386871338e-01,0.000000000000000000e+00,6.404006481170654297e-01,7.648258805274963379e-01,7.020255178213119507e-02,0.000000000000000000e+00
5.299999713897705078e-01,5.000000074505805969e-02,4.499999880790710449e-01,5.281703546643257141e-03,7.244830131530761719e-01,5.030940845608711243e-02,9.927001595497131348e-01,2.293276414275169373e-02,1.184082403779029846e-01,0.000000000000000000e+00,9.989287853240966797e-01,2.107804454863071442e-02,-4.119491949677467346e-02,0.000000000000000000e+00,7.276616096496582031e-01,1.361013501882553101e-01,6.722982525825500488e-01,0.000000000000000000e+00,2.820250689983367920e-01,-6.701575517654418945e-01,-6.865498423576354980e-01,0.000000000000000000e+00,2.709583938121795654e-01,9.286219477653503418e-01,2.534616589546203613e-01,0.000000000000000000e+00,5.909544229507446289e-01,6.522755622863769531e-01,4.746677875518798828e-01,0.000000000000000000e+00,6.405098438262939453e-01,7.647228837013244629e-01,7.032836228609085083e-02,0.000000000000000000e+00
5.299999713897705078e-01,5.000000074505805969e-02,4.499999880790710449e-01,5.255417898297309875e-03,7.245222926139831543e-01,5.030222237110137939e-02,9.927650690078735352e-01,2.398202009499073029e-02,1.176535114645957947e-01,0.000000000000000000e+00,9.991064071655273438e-01,1.713082566857337952e-02,-3.863854333758354187e-02,0.000000000000000000e+00,7.278319597244262695e-01,1.362953931093215942e-01,6.720745563507080078e-01,0.000000000000000000e+00,2.821483612060546875e-01,-6.708924770355224609e-01,-6.857810020446777344e-01,0.000000000000000000e+00,2.698829174041748047e-01,9.283732771873474121e-01,2.555117607116699219e-01,0.000000000000000000e+00,5.908107161521911621e-01,6.526740789413452148e-01,4.742986857891082764e-01,0.000000000000000000e+00,6.405794024467468262e-01,7.646518349647521973e-01,7.046714425086975098e-02,0.000000000000000000e+00
5.299999713897705078e-01,5.000000074505805969e-02,4.499999880790710449e-01,5.257528740912675858e-03,7.245756983757019043e-01,5.031192302703857422e-02,9.928326606750488281e-01,2.500665746629238129e-02,1.168672814965248108e-01,0.000000000000000000e+00,9.992504715919494629e-01,1.350184436887502670e-02,-3.627987578511238098e-02,0.000000000000000000e+00,7.279301881790161133e-01,1.365014761686325073e-01,6.719263195991516113e-01,0.000000000000000000e+00,2.820625901222229004e-01,-6.715402007102966309e-01,-6.851820945739746094e-01,0.000000000000000000e+00,2.689685821533203125e-01,9.279627799987792969e-01,2.579553425312042236e-01,0.000000000000000000e+00,5.906201004981994629e-01,6.531888246536254883e-01,4.738272726535797119e-01,0.000000000000000000e+00,6.406208872795104980e-01,7.645983695983886719e-01,7.066961377859115601e-02,0.000000000000000000e+00
5.299999713897705078e-01,5.000000074505805969e-02,4.499999880790710449e-01,5.259057506918907166e-03,7.246143817901611328e-01,5.031894892454147339e-02,9.928790330886840820e-01,2.571241371333599091e-02,1.163191944360733032e-01,0.000000000000000000e+00,9.993377327919006348e-01,1.103473920375108719e-02,-3.467515110969543457e-02,0.000000000000000000e+00,7.279921174049377441e-01,1.366493701934814453e-01,6.718291640281677246e-01,0.000000000000000000e+00,2.819838225841522217e-01,-6.719736456871032715e-01,-6.847893595695495605e-01,0.000000000000000000e+00,2.684209942817687988e-01,9.276353120803833008e-01,2.596976161003112793e-01,0.000000000000000000e+00,5.904932618141174316e-01,6.535544991493225098e-01,4.734809398651123047e-01,0.000000000000000000e+00,6.406467556953430176e-01,7.645630240440368652e-01,7.081740349531173706e-02,0.000000000000000000e+00
5.299999713897705078e-01,5.000000074505805969e-02,4.499999880790710449e-01,5.229430738836526871e-03,7.246229052543640137e-01,5.040315538644790649e-02,9.929189682006835938e-01,2.635283581912517548e-02,1.158336475491523743e-01,0.000000000000000000e+00,9.994150400161743164e-01,8.688635192811489105e-03,-3.307766839861869812e-02,0.000000000000000000e+00,7.280637621879577637e-01,1.368574053049087524e-01,6.717091798782348633e-01,0.000000000000000000e+00,2.819410562515258789e-01,-6.724978685379028320e-01,-6.842922568321228027e-01,0.000000000000000000e+00,2.681657075881958008e-01,9.272825717926025391e-01,2.612167596817016602e-01,0.000000000000000000e+00,5.903889536857604980e-01,6.539061069488525391e-01,4.731254279613494873e-01,0.000000000000000000e+00,6.406453847885131836e-01,7.645538449287414551e-01,7.092922925949096680e-02,0.000000000000000000e+00
5.299999713897705078e-01,5.000000074505805969e-02,4.499999880790710449e-01,5.170965101569890976e-03,7.246150374412536621e-01,5.056212097406387329e-02,9.929531216621398926e-01,2.700066566467285156e-02,1.153909638524055481e-01,0.000000000000000000e+00,9.995064735412597656e-01,5.860602017492055893e-03,-3.086178563535213470e-02,0.000000000000000000e+00,7.281710505485534668e-01,1.372186839580535889e-01,6.715191602706909180e-01,0.000000000000000000e+00,2.819890379905700684e-01,-6.735905408859252930e-01,-6.831969022750854492e-01,0.000000000000000000e+00,2.687086760997772217e-01,9.267601370811462402e-01,2.625096440315246582e-01,0.000000000000000000e+00,5.902796387672424316e-01,6.543552875518798828e-01,4.726405441761016846e-01,0.000000000000000000e+00,6.406089067459106445e-01,7.645753026008605957e-01,7.102720439434051514e-02,0.000000000000000000e+00
5.299999713897705078e-01,5.000000074505805969e-02,4.499999880790710449e-01,5.128632765263319016e-03,7.246093153953552246e-01,5.067722126841545105e-02,9.929755926132202148e-01,2.745017595589160919e-02,1.150909513235092163e-01,0.000000000000000000e+00,9.995650649070739746e-01,3.833624301478266716e-03,-2.923917397856712341e-02,0.000000000000000000e+00,7.282181978225708008e-01,1.374954283237457275e-01,6.714113950729370117e-01,0.000000000000000000e+00,2.820294201374053955e-01,-6.744281649589538574e-01,-6.823533177375793457e-01,0.000000000000000000e+00,2.691418826580047607e-01,9.263885021209716797e-01,2.633761763572692871e-01,0.000000000000000000e+00,5.901978611946105957e-01,6.546826362609863281e-01,4.722892642021179199e-01,0.000000000000000000e+00,6.405910849571228027e-01,7.645832896232604980e-01,7.110151648521423340e-02,0.000000000000000000e+00
5.299999713897705078e-01,5.000000074505805969e-02,4.499999880790710449e-01,5.030335392802953720e-03,7.245920300483703613e-01,5.077371746301651001e-02,9.929882287979125977e-01,2.779320254921913147e-02,1.148996800184249878e-01,0.000000000000000000e+00,9.996143579483032227e-01,2.055141376331448555e-03,-2.769388072192668915e-02,0.000000000000000000e+00,7.279890775680541992e-01,1.378707289695739746e-01,6.715828776359558105e-01,0.000000000000000000e+00,2.820461392402648926e-01,-6.753399372100830078e-01,-6.814440488815307617e-01,0.000000000000000000e+00,2.698316574096679688e-01,9.260395169258117676e-01,2.638971507549285889e-01,0.000000000000000000e+00,5.900205373764038086e-01,6.550613045692443848e-01,4.719856381416320801e-01,0.000000000000000000e+00,6.406570672988891602e-01,7.645158767700195312e-01,7.123187184333801270e-02,0.000000000000000000e+00
5.299999713897705078e-01,5.000000074505805969e-02,4.499999880790710449e-01,4.872951190918684006e-03,7.245642542839050293e-01,5.092822387814521790e-02,9.929919242858886719e-01,2.817283757030963898e-02,1.147749125957489014e-01,0.000000000000000000e+00,9.996804594993591309e-01,-4.493231244850903749e-04,-2.527289837598800659e-02,0.000000000000000000e+00,7.274411320686340332e-01,1.385477483272552490e-01,6.720371246337890625e-01,0.000000000000000000e+00,2.820374369621276855e-01,-6.769778728485107422e-01,-6.798204183578491211e-01,0.000000000000000000e+00,2.713200747966766357e-01,9.255303144454956055e-01,2.641572058200836182e-01,0.000000000000000000e+00,5.896865725517272949e-01,6.556992530822753906e-01,4.715169966220855713e-01,0.000000000000000000e+00,6.408149600028991699e-01,7.643597126007080078e-01,7.148722559213638306e-02,0.000000000000000000e+00
5.299999713897705078e-01,5.000000074505805969e-02,4.499999880790710449e-01,4.752615932375192642e-03,7.245429754257202148e-01,5.104635655879974365e-02,9.929940700531005859e-01,2.845689281821250916e-02,1.146862059831619263e-01,0.000000000000000000e+00,9.997228980064392090e-01,-2.352191135287284851e-03,-2.342325635254383087e-02,0.000000000000000000e+00,7.270564436912536621e-01,1.390579342842102051e-01,6.723480224609375000e-01,0.000000000000000000e+00,2.820298075675964355e-01,-6.782342195510864258e-01,-6.785702109336853027e-01,0.000000000000000000e+00,2.722959518432617188e-01,9.251891374588012695e-01,2.643481194972991943e-01,0.000000000000000000e+00,5.894598960876464844e-01,6.561695933341979980e-01,4.711459577083587646e-01,0.000000000000000000e+00,6.409232020378112793e-01,7.642505764961242676e-01,7.168341428041458130e-02,0.000000000000000000e+00
5.299999713897705078e-01,5.000000074505805969e-02,4.499999880790710449e-01,4.608843009918928146e-03,7.245176434516906738e-01,5.118750035762786865e-02,9.929965734481811523e-01,2.879628352820873260e-02,1.145802512764930725e-01,0.000000000000000000e+00,9.997642636299133301e-01,-4.626363050192594528e-03,-2.121267654001712799e-02,0.000000000000000000e+00,7.266342639923095703e-01,1.396593451499938965e-01,6.726796030998229980e-01,0.000000000000000000e+00,2.820210158824920654e-01,-6.797322034835815430e-01,-6.770732998847961426e-01,0.000000000000000000e+00,2.732783555984497070e-01,9.248302578926086426e-01,2.645900845527648926e-01,0.000000000000000000e+00,5.892192721366882324e-01,6.567131280899047852e-01,4.706893563270568848e-01,0.000000000000000000e+00,6.410391926765441895e-01,7.641311287879943848e-01,7.191882282495498657e-02,0.000000000000000000e+00
5.299999713897705078e-01,5.000000074505805969e-02,4.499999880790710449e-01,4.498914815485477448e-03,7.244982123374938965e-01,5.129541456699371338e-02,9.929983019828796387e-01,2.905578725039958954e-02,1.144992709159851074e-01,0.000000000000000000e+00,9.997891783714294434e-01,-6.365698762238025665e-03,-1.952193677425384521e-02,0.000000000000000000e+00,7.263380289077758789e-01,1.401133984327316284e-01,6.729050874710083008e-01,0.000000000000000000e+00,2.820145487785339355e-01,-6.808753609657287598e-01,-6.759264469146728516e-01,0.000000000000000000e+00,2.739103436470031738e-01,9.245877265930175781e-01,2.647841572761535645e-01,0.000000000000000000e+00,5.890560150146484375e-01,6.571161150932312012e-01,4.703311026096343994e-01,0.000000000000000000e+00,6.411187052726745605e-01,7.640473842620849609e-01,7.209951430559158325e-02,0.000000000000000000e+00
5.299999713897705078e-01,5.000000074505805969e-02,4.499999880790710449e-01,4.445585887879133224e-03,7.244888544082641602e-01,5.134776979684829712e-02,9.929991364479064941e-01,2.918167971074581146e-02,1.144599914550781250e-01,0.000000000000000000e+00,9.997991323471069336e-01,-7.209657691419124603e-03,-1.870153844356536865e-02,0.000000000000000000e+00,7.262023687362670898e-01,1.403319090604782104e-01,6.730059981346130371e-01,0.000000000000000000e+00,2.820114791393280029e-01,-6.814292073249816895e-01,-6.753693819046020508e-01,0.000000000000000000e+00,2.741834521293640137e-01,9.244790673255920410e-01,2.648808658123016357e-01,0.000000000000000000e+00,5.889829397201538086e-01,6.573079228401184082e-01,4.701546430587768555e-01,0.000000000000000000e+00,6.411545872688293457e-01,7.640089988708496094e-01,7.218737900257110596e-02,0.000000000000000000e+00
5.299999713897705078e-01,5.000000074505805969e-02,4.499999880790710449e-01,4.545274656265974045e-03,7.244420051574707031e-01,5.148766189813613892e-02,9.929949641227722168e-01,2.917904779314994812e-02,1.144969984889030457e-01,0.000000000000000000e+00,9.998160004615783691e-01,-8.493734523653984070e-03,-1.719775050878524780e-02,0.000000000000000000e+00,7.255389690399169922e-01,1.407810896635055542e-01,6.736274361610412598e-01,0.000000000000000000e+00,2.822437584400177002e-01,-6.828287839889526367e-01,-6.738570332527160645e-01,0.000000000000000000e+00,2.750336229801177979e-01,9.242953658103942871e-01,2.646404802799224854e-01,0.000000000000000000e+00,5.886296629905700684e-01,6.578751206398010254e-01,4.698036611080169678e-01,0.000000000000000000e+00,6.414464116096496582e-01,7.637316584587097168e-01,7.252913713455200195e-02,0.000000000000000000e+00
5.299999713897705078e-01,5.000000074505805969e-02,4.499999880790710449e-01,4.621495958417654037e-03,7.244062423706054688e-01,5.159462615847587585e-02,9.929891824722290039e-01,2.904878184199333191e-02,1.145803481340408325e-01,0.000000000000000000e+00,9.998260140419006348e-01,-9.160448797047138214e-03,-1.624735072255134583e-02,0.000000000000000000e+00,7.249276638031005859e-01,1.410837620496749878e-01,6.742219328880310059e-01,0.000000000000000000e+00,2.824877798557281494e-01,-6.839306950569152832e-01,-6.726361513137817383e-01,0.000000000000000000e+00,2.756888568401336670e-01,9.242078065872192383e-01,2.642642557621002197e-01,0.000000000000000000e+00,5.883124470710754395e-01,6.583362221717834473e-01,4.695550501346588135e-01,0.000000000000000000e+00,6.417323350906372070e-01,7.634611725807189941e-01,7.284642010927200317e-02,0.000000000000000000e+00
5.299999713897705078e-01,5.000000074505805969e-02,4.499999880790710449e-01,4.640077240765094757e-03,7.243975400924682617e-01,5.162070319056510925e-02,9.929877519607543945e-01,2.901702187955379486e-02,1.146006509661674500e-01,0.000000000000000000e+00,9.998282790184020996e-01,-9.322986006736755371e-03,-1.601565629243850708e-02,0.000000000000000000e+00,7.247856259346008301e-01,1.411560177803039551e-01,6.743595600128173828e-01,0.000000000000000000e+00,2.825416922569274902e-01,-6.842002272605895996e-01,-6.723393797874450684e-01,0.000000000000000000e+00,2.758338749408721924e-01,9.241904020309448242e-01,2.641736865043640137e-01,0.000000000000000000e+00,5.882400870323181152e-01,6.584455966949462891e-01,4.694922864437103271e-01,0.000000000000000000e+00,6.417979001998901367e-01,7.633986473083496094e-01,7.292408496141433716e-02,0.000000000000000000e+00
5.299999713897705078e-01,5.000000074505805969e-02,4.499999880790710449e-01,4.691691603511571884e-03,7.244067788124084473e-01,5.175926536321640015e-02,9.930099248886108398e-01,2.933856844902038574e-02,1.143263652920722961e-01,0.000000000000000000e+00,9.998377561569213867e-01,-1.191666722297668457e-02,-1.350807026028633118e-02,0.000000000000000000e+00,7.238054871559143066e-01,1.416333913803100586e-01,6.753114461898803711e-01,0.000000000000000000e+00,2.826257050037384033e-01,-6.849442720413208008e-01,-6.715460419654846191e-01,0.000000000000000000e+00,2.764005362987518311e-01,9.241518378257751465e-01,2.637159228324890137e-01,0.000000000000000000e+00,5.877451300621032715e-01,6.590322256088256836e-01,4.692890048027038574e-01,0.000000000000000000e+00,6.422256827354431152e-01,7.630041837692260742e-01,7.328603416681289673e-02,0.000000000000000000e+00
5.299999713897705078e-01,5.000000074505805969e-02,4.499999880790710449e-01,4.741271957755088806e-03,7.244156599044799805e-01,5.189236998558044434e-02,9.930514693260192871e-01,2.998352237045764923e-02,1.137967854738235474e-01,0.000000000000000000e+00,9.998248815536499023e-01,-1.589109189808368683e-02,-9.884657338261604309e-03,0.000000000000000000e+00,7.225985527038574219e-01,1.422268748283386230e-01,6.764782667160034180e-01,0.000000000000000000e+00,2.826175093650817871e-01,-6.854261755943298340e-01,-6.710575819015502930e-01,0.000000000000000000e+00,2.769051790237426758e-01,9.241477251052856445e-01,2.632005810737609863e-01,0.000000000000000000e+00,5.871487855911254883e-01,6.596923470497131348e-01,4.691079258918762207e-01,0.000000000000000000e+00,6.427353620529174805e-01,7.625368237495422363e-01,7.368054240942001343e-02,0.000000000000000000e+00
5.299999713897705078e-01,5.000000074505805969e-02,4.499999880790710449e-01,4.800509195774793625e-03,7.244263291358947754e-01,5.205139890313148499e-02,9.931001067161560059e-01,3.075423836708068848e-02,1.131650432944297791e-01,0.000000000000000000e+00,9.997714161872863770e-01,-2.064863778650760651e-02,-5.546222440898418427e-03,0.000000000000000000e+00,7.212730050086975098e-01,1.429101526737213135e-01,6.777477264404296875e-01,0.000000000000000000e+00,2.826090753078460693e-01,-6.860012412071228027e-01,-6.704732775688171387e-01,0.000000000000000000e+00,2.774134874343872070e-01,9.241683483123779297e-01,2.625921964645385742e-01,0.000000000000000000e+00,5.865162611007690430e-01,6.604329943656921387e-01,4.688570797443389893e-01,0.000000000000000000e+00,6.432815790176391602e-01,7.620299458503723145e-01,7.415665686130523682e-02,0.000000000000000000e+00
5.299999713897705078e-01,5.000000074505805969e-02,4.499999880790710449e-01,4.845801740884780884e-03,7.244344353675842285e-01,5.217298865318298340e-02,9.931365251541137695e-01,3.134363889694213867e-02,1.126827523112297058e-01,0.000000000000000000e+00,9.997023940086364746e-01,-2.429280616343021393e-02,-2.222171984612941742e-03,0.000000000000000000e+00,7.203424572944641113e-01,1.434142589569091797e-01,6.786302924156188965e-01,0.000000000000000000e+00,2.826035022735595703e-01,-6.864403486251831055e-01,-6.700260043144226074e-01,0.000000000000000000e+00,2.777406573295593262e-01,9.242007732391357422e-01,2.621318101882934570e-01,0.000000000000000000e+00,5.860873460769653320e-01,6.609663963317871094e-01,4.686417281627655029e-01,0.000000000000000000e+00,6.436558961868286133e-01,7.616779208183288574e-01,7.452400773763656616e-02,0.000000000000000000e+00
5.299999713897705078e-01,5.000000074505805969e-02,4.499999880790710449e-01,4.878595937043428421e-03,7.244403362274169922e-01,5.226102843880653381e-02,9.931625127792358398e-01,3.177046030759811401e-02,1.123339533805847168e-01,0.000000000000000000e+00,9.996371865272521973e-01,-2.693488448858261108e-02,1.883787335827946663e-04,0.000000000000000000e+00,7.197123169898986816e-01,1.437696963548660278e-01,6.792234182357788086e-01,0.000000000000000000e+00,2.825999259948730469e-01,-6.867580413818359375e-01,-6.697019338607788086e-01,0.000000000000000000e+00,2.779478132724761963e-01,9.242323040962219238e-01,2.618007957935333252e-01,0.000000000000000000e+00,5.858045220375061035e-01,6.613359451293945312e-01,4.684738814830780029e-01,0.000000000000000000e+00,6.439048051834106445e-01,7.614412307739257812e-01,7.479169964790344238e-02,0.000000000000000000e+00
5.299999713897705078e-01,5.000000074505805969e-02,4.499999880790710449e-01,4.900139290839433670e-03,7.244353294372558594e-01,5.233462154865264893e-02,9.931858777999877930e-01,3.216270729899406433e-02,1.120151430368423462e-01,0.000000000000000000e+00,9.995639324188232422e-01,-2.942947298288345337e-02,2.430709078907966614e-03,0.000000000000000000e+00,7.191198468208312988e-01,1.441160887479782104e-01,6.797772645950317383e-01,0.000000000000000000e+00,2.826105654239654541e-01,-6.871104240417480469e-01,-6.693358421325683594e-01,0.000000000000000000e+00,2.781327664852142334e-01,9.242689609527587891e-01,2.614747285842895508e-01,0.000000000000000000e+00,5.855407118797302246e-01,6.616925597190856934e-01,4.683002233505249023e-01,0.000000000000000000e+00,6.441243886947631836e-01,7.612285017967224121e-01,7.506621628999710083e-02,0.000000000000000000e+00
5.299999713897705078e-01,5.000000074505805969e-02,4.499999880790710449e-01,4.901011940091848373e-03,7.244010567665100098e-01,5.239843204617500305e-02,9.931928515434265137e-01,3.232473134994506836e-02,1.119064241647720337e-01,0.000000000000000000e+00,9.994959831237792969e-01,-3.152253478765487671e-02,3.764069871976971626e-03,0.000000000000000000e+00,7.181754112243652344e-01,1.446906775236129761e-01,6.806531548500061035e-01,0.000000000000000000e+00,2.828276455402374268e-01,-6.882579326629638672e-01,-6.680639982223510742e-01,0.000000000000000000e+00,2.784247100353240967e-01,9.243278503417968750e-01,2.609553635120391846e-01,0.000000000000000000e+00,5.850715041160583496e-01,6.622960567474365234e-01,4.680333733558654785e-01,0.000000000000000000e+00,6.443073153495788574e-01,7.610177397727966309e-01,7.563126832246780396e-02,0.000000000000000000e+00
5.299999713897705078e-01,5.000000074505805969e-02,4.499999880790710449e-01,4.901643842458724976e-03,7.243762016296386719e-01,5.244463309645652771e-02,9.931924939155578613e-01,3.236026316881179810e-02,1.118996143341064453e-01,0.000000000000000000e+00,9.994533658027648926e-01,-3.277119249105453491e-02,4.358856473118066788e-03,0.000000000000000000e+00,7.174814939498901367e-01,1.451300829648971558e-01,6.812911033630371094e-01,0.000000000000000000e+00,2.830122709274291992e-01,-6.892570853233337402e-01,-6.669548153877258301e-01,0.000000000000000000e+00,2.786290049552917480e-01,9.243786334991455078e-01,2.605570852756500244e-01,0.000000000000000000e+00,5.847247838973999023e-01,6.627531647682189941e-01,4.678196012973785400e-01,0.000000000000000000e+00,6.444108486175537109e-01,7.608842253684997559e-01,7.609125226736068726e-02,0.000000000000000000e+00
5.299999713897705078e-01,5.000000074505805969e-02,4.499999880790710449e-01,4.925951827317476273e-03,7.243739962577819824e-01,5.246767774224281311e-02,9.931905865669250488e-01,3.235765174031257629e-02,1.119173392653465271e-01,0.000000000000000000e+00,9.994292259216308594e-01,-3.346284106373786926e-02,4.630230832844972610e-03,0.000000000000000000e+00,7.170942425727844238e-01,1.453869640827178955e-01,6.816439628601074219e-01,0.000000000000000000e+00,2.831246554851531982e-01,-6.898970603942871094e-01,-6.662451028823852539e-01,0.000000000000000000e+00,2.787070572376251221e-01,9.244136214256286621e-01,2.603493332862854004e-01,0.000000000000000000e+00,5.845376253128051758e-01,6.630234122276306152e-01,4.676705300807952881e-01,0.000000000000000000e+00,6.444625854492187500e-01,7.608104348182678223e-01,7.639037072658538818e-02,0.000000000000000000e+00
5.299999713897705078e-01,5.000000074505805969e-02,4.499999880790710449e-01,5.019971635192632675e-03,7.243970036506652832e-01,5.249869450926780701e-02,9.931619167327880859e-01,3.196783363819122314e-02,1.122832149267196655e-01,0.000000000000000000e+00,9.994492530822753906e-01,-3.300634026527404785e-02,3.430141834542155266e-03,0.000000000000000000e+00,7.170073390007019043e-01,1.455180346965789795e-01,6.817073822021484375e-01,0.000000000000000000e+00,2.833700776100158691e-01,-6.909776329994201660e-01,-6.650198101997375488e-01,0.000000000000000000e+00,2.782332003116607666e-01,9.244585037231445312e-01,2.606966793537139893e-01,0.000000000000000000e+00,5.845456719398498535e-01,6.632657051086425781e-01,4.673167169094085693e-01,0.000000000000000000e+00,6.443879604339599609e-01,7.608154416084289551e-01,7.696768641471862793e-02,0.000000000000000000e+00
5.299999713897705078e-01,5.000000074505805969e-02,4.499999880790710449e-01,5.110286176204681396e-03,7.244191169738769531e-01,5.252849310636520386e-02,9.931257367134094238e-01,3.146609291434288025e-02,1.127436161041259766e-01,0.000000000000000000e+00,9.994872212409973145e-01,-3.197379782795906067e-02,1.706994720734655857e-03,0.000000000000000000e+00,7.171308398246765137e-01,1.455252915620803833e-01,6.815758943557739258e-01,0.000000000000000000e+00,2.835882008075714111e-01,-6.919668316841125488e-01,-6.638973355293273926e-01,0.000000000000000000e+00,2.776497006416320801e-01,9.244715571403503418e-01,2.612719535827636719e-01,0.000000000000000000e+00,5.846623182296752930e-01,6.634132862091064453e-01,4.669611752033233643e-01,0.000000000000000000e+00,6.442686915397644043e-01,7.608603239059448242e-01,7.752035558223724365e-02,0.000000000000000000e+00
5.299999713897705078e-01,5.000000074505805969e-02,4.499999880790710449e-01,5.107628647238016129e-03,7.244796752929687500e-01,5.253337323665618896e-02,9.931107759475708008e-01,3.130926564335823059e-02,1.129193007946014404e-01,0.000000000000000000e+00,9.994955658912658691e-01,-3.174090012907981873e-02,1.079231733456254005e-03,0.000000000000000000e+00,7.171075344085693359e-01,1.456085294485092163e-01,6.815826892852783203e-01,0.000000000000000000e+00,2.836710214614868164e-01,-6.925107836723327637e-01,-6.632944941520690918e-01,0.000000000000000000e+00,2.775475382804870605e-01,9.244657754898071289e-01,2.614009082317352295e-01,0.000000000000000000e+00,5.846817493438720703e-01,6.634978055953979492e-01,4.668167829513549805e-01,0.000000000000000000e+00,6.443015933036804199e-01,7.608037590980529785e-01,7.780122011899948120e-02,0.000000000000000000e+00
5.299999713897705078e-01,5.000000074505805969e-02,4.499999880790710449e-01,5.102470517158508301e-03,7.245972156524658203e-01,5.254285037517547607e-02,9.930904507637023926e-01,3.129286691546440125e-02,1.131022721529006958e-01,0.000000000000000000e+00,9.994819760322570801e-01,-3.217969834804534912e-02,5.529486807063221931e-04,0.000000000000000000e+00,7.168055772781372070e-01,1.460306793451309204e-01,6.818099021911621094e-01,0.000000000000000000e+00,2.837779223918914795e-01,-6.937748193740844727e-01,-6.619263887405395508e-01,0.000000000000000000e+00,2.778487801551818848e-01,9.244432449340820312e-01,2.611603736877441406e-01,0.000000000000000000e+00,5.846110582351684570e-01,6.636959910392761230e-01,4.666235446929931641e-01,0.000000000000000000e+00,6.446417570114135742e-01,7.604550123214721680e-01,7.839074730873107910e-02,0.000000000000000000e+00
5.299999713897705078e-01,5.000000074505805969e-02,4.499999880790710449e-01,5.098735913634300232e-03,7.246822714805603027e-01,5.254970863461494446e-02,9.930769205093383789e-01,3.131918236613273621e-02,1.132135987281799316e-01,0.000000000000000000e+00,9.994679093360900879e-01,-3.261565789580345154e-02,2.637498837430030107e-04,0.000000000000000000e+00,7.165675759315490723e-01,1.463677883148193359e-01,6.819878220558166504e-01,0.000000000000000000e+00,2.838404476642608643e-01,-6.947179436683654785e-01,-6.609096527099609375e-01,0.000000000000000000e+00,2.781011164188385010e-01,9.244342446327209473e-01,2.609235346317291260e-01,0.000000000000000000e+00,5.845507383346557617e-01,6.638408899307250977e-01,4.664929807186126709e-01,0.000000000000000000e+00,6.449044942855834961e-01,7.601873278617858887e-01,7.882510870695114136e-02,0.000000000000000000e+00
5.299999713897705078e-01,5.000000074505805969e-02,4.499999880790710449e-01,5.188254173845052719e-03,7.247605323791503906e-01,5.254973098635673523e-02,9.930585622787475586e-01,3.118299879133701324e-02,1.134123802185058594e-01,0.000000000000000000e+00,9.994764328002929688e-01,-3.235034272074699402e-02,-5.465997965075075626e-04,0.000000000000000000e+00,7.163580656051635742e-01,1.466234922409057617e-01,6.821529269218444824e-01,0.000000000000000000e+00,2.838276922702789307e-01,-6.955497264862060547e-01,-6.600396633148193359e-01,0.000000000000000000e+00,2.778742611408233643e-01,9.244712591171264648e-01,2.610339522361755371e-01,0.000000000000000000e+00,5.845569968223571777e-01,6.639486551284790039e-01,4.663317203521728516e-01,0.000000000000000000e+00,6.451330780982971191e-01,7.599533796310424805e-01,7.920990884304046631e-02,0.000000000000000000e+00
