3.000000119209289551e-01,5.799999833106994629e-01,3.000000119209289551e-01,-1.254402995109558105e-01,8.174257278442382812e-01,9.318279102444648743e-03,9.823145270347595215e-01,1.324179470539093018e-01,1.323767602443695068e-01,0.000000000000000000e+00,9.890781044960021973e-01,1.387892067432403564e-01,-4.961942881345748901e-02,0.000000000000000000e+00,3.976190984249114990e-01,2.462253123521804810e-01,8.838959932327270508e-01,0.000000000000000000e+00,3.706758022308349609e-01,-7.554059624671936035e-01,-5.403344035148620605e-01,0.000000000000000000e+00,4.169365763664245605e-02,4.321867600083351135e-02,-9.981952905654907227e-01,0.000000000000000000e+00,3.787932395935058594e-01,8.292074799537658691e-01,4.110117256641387939e-01,0.000000000000000000e+00,3.897884786128997803e-01,9.209026694297790527e-01,-1.782729872502386570e-03,0.000000000000000000e+00
3.000000119209289551e-01,5.799999833106994629e-01,3.000000119209289551e-01,-1.254798769950866699e-01,8.174792528152465820e-01,9.419848211109638214e-03,9.823181033134460449e-01,1.322461217641830444e-01,1.325221210718154907e-01,0.000000000000000000e+00,9.891169071197509766e-01,1.383293122053146362e-01,-5.012699961662292480e-02,0.000000000000000000e+00,3.976126015186309814e-01,2.470610737800598145e-01,8.836656808853149414e-01,0.000000000000000000e+00,3.702211081981658936e-01,-7.553660273551940918e-01,-5.407018065452575684e-01,0.000000000000000000e+00,4.206010699272155762e-02,4.347123578190803528e-02,-9.981689453125000000e-01,0.000000000000000000e+00,3.787048757076263428e-01,8.294891119003295898e-01,4.105246067047119141e-01,0.000000000000000000e+00,3.891212344169616699e-01,9.211863279342651367e-01,-6.578242755495011806e-04,0.000000000000000000e+00
3.000000119209289551e-01,5.799999833106994629e-01,3.000000119209289551e-01,-1.255432367324829102e-01,8.175649642944335938e-01,9.582472033798694611e-03,9.823201298713684082e-01,1.320895552635192871e-01,1.326633095741271973e-01,0.000000000000000000e+00,9.892222285270690918e-01,1.373210847377777100e-01,-5.081651732325553894e-02,0.000000000000000000e+00,3.976029455661773682e-01,2.483986914157867432e-01,8.832949399948120117e-01,0.000000000000000000e+00,3.694705069065093994e-01,-7.552205324172973633e-01,-5.414180159568786621e-01,0.000000000000000000e+00,4.285645857453346252e-02,4.635959863662719727e-02,-9.980050921440124512e-01,0.000000000000000000e+00,3.785816133022308350e-01,8.299326896667480469e-01,4.097409844398498535e-01,0.000000000000000000e+00,3.881892561912536621e-01,9.215789437294006348e-01,1.143854111433029175e-03,0.000000000000000000e+00
3.000000119209289551e-01,5.799999833106994629e-01,3.000000119209289551e-01,-1.255916953086853027e-01,8.176305294036865234e-01,9.706812910735607147e-03,9.823215007781982422e-01,1.319742351770401001e-01,1.327679306268692017e-01,0.000000000000000000e+00,9.893029928207397461e-01,1.365422457456588745e-01,-5.133972689509391785e-02,0.000000000000000000e+00,3.975961506366729736e-01,2.494210004806518555e-01,8.830099105834960938e-01,0.000000000000000000e+00,3.689772486686706543e-01,-7.550793290138244629e-01,-5.419511198997497559e-01,0.000000000000000000e+00,4.337202012538909912e-02,4.865914210677146912e-02,-9.978733062744140625e-01,0.000000000000000000e+00,3.785010278224945068e-01,8.302663564682006836e-01,4.091390669345855713e-01,0.000000000000000000e+00,3.875795304775238037e-01,9.218327999114990234e-01,2.521769376471638680e-03,0.000000000000000000e+00
3.000000119209289551e-01,5.799999833106994629e-01,3.000000119209289551e-01,-1.256217360496520996e-01,8.177132010459899902e-01,9.764303453266620636e-03,9.823278784751892090e-01,1.318839192390441895e-01,1.328103840351104736e-01,0.000000000000000000e+00,9.893649220466613770e-01,1.359644085168838501e-01,-5.167941749095916748e-02,0.000000000000000000e+00,3.975915312767028809e-01,2.501609623432159424e-01,8.828026056289672852e-01,0.000000000000000000e+00,3.686066269874572754e-01,-7.549914121627807617e-01,-5.423256754875183105e-01,0.000000000000000000e+00,4.374662414193153381e-02,5.066411942243576050e-02,-9.977571964263916016e-01,0.000000000000000000e+00,3.784493505954742432e-01,8.305051922798156738e-01,4.087018966674804688e-01,0.000000000000000000e+00,3.871884644031524658e-01,9.219938516616821289e-01,3.519591409713029861e-03,0.000000000000000000e+00
3.000000119209289551e-01,5.799999833106994629e-01,3.000000119209289551e-01,-1.256484091281890869e-01,8.178107738494873047e-01,9.804059751331806183e-03,9.823494553565979004e-01,1.317770332098007202e-01,1.327569335699081421e-01,0.000000000000000000e+00,9.894361495971679688e-01,1.353618949651718140e-01,-5.189697816967964172e-02,0.000000000000000000e+00,3.977755010128021240e-01,2.507301270961761475e-01,8.825582265853881836e-01,0.000000000000000000e+00,3.681304156780242920e-01,-7.549728751182556152e-01,-5.426748394966125488e-01,0.000000000000000000e+00,4.421009495854377747e-02,5.357762426137924194e-02,-9.975845217704772949e-01,0.000000000000000000e+00,3.783040344715118408e-01,8.307791352272033691e-01,4.082793593406677246e-01,0.000000000000000000e+00,3.867465853691101074e-01,9.221749305725097656e-01,4.525807686150074005e-03,0.000000000000000000e+00
3.000000119209289551e-01,5.799999833106994629e-01,3.000000119209289551e-01,-1.256827414035797119e-01,8.179363608360290527e-01,9.855236858129501343e-03,9.823812842369079590e-01,1.316346377134323120e-01,1.326625645160675049e-01,0.000000000000000000e+00,9.895301461219787598e-01,1.345763504505157471e-01,-5.214666202664375305e-02,0.000000000000000000e+00,3.987013995647430420e-01,2.508783936500549316e-01,8.820981979370117188e-01,0.000000000000000000e+00,3.675480484962463379e-01,-7.549467682838439941e-01,-5.431057214736938477e-01,0.000000000000000000e+00,4.476404562592506409e-02,5.759487301111221313e-02,-9.973359704017639160e-01,0.000000000000000000e+00,3.777575194835662842e-01,8.312931656837463379e-01,4.077387452125549316e-01,0.000000000000000000e+00,3.858624994754791260e-01,9.225369691848754883e-01,5.972164683043956757e-03,0.000000000000000000e+00
3.000000119209289551e-01,5.799999833106994629e-01,3.000000119209289551e-01,-1.257282793521881104e-01,8.180510997772216797e-01,9.873760864138603210e-03,9.824092984199523926e-01,1.315187066793441772e-01,1.325698792934417725e-01,0.000000000000000000e+00,9.896049499511718750e-01,1.339789479970932007e-01,-5.226546525955200195e-02,0.000000000000000000e+00,3.993722200393676758e-01,2.509297132492065430e-01,8.817800879478454590e-01,0.000000000000000000e+00,3.669888675212860107e-01,-7.549450993537902832e-01,-5.434859991073608398e-01,0.000000000000000000e+00,4.497666284441947937e-02,6.039017811417579651e-02,-9.971610307693481445e-01,0.000000000000000000e+00,3.773664236068725586e-01,8.316665291786193848e-01,4.073393940925598145e-01,0.000000000000000000e+00,3.852545022964477539e-01,9.227835536003112793e-01,7.036238908767700195e-03,0.000000000000000000e+00
3.000000119209289551e-01,5.799999833106994629e-01,3.000000119209289551e-01,-1.257724463939666748e-01,8.181624412536621094e-01,9.891733527183532715e-03,9.824418425559997559e-01,1.313924938440322876e-01,1.324539035558700562e-01,0.000000000000000000e+00,9.896848201751708984e-01,1.333685070276260376e-01,-5.231445282697677612e-02,0.000000000000000000e+00,3.997020125389099121e-01,2.509262859821319580e-01,8.816316127777099609e-01,0.000000000000000000e+00,3.663057684898376465e-01,-7.549596428871154785e-01,-5.439264774322509766e-01,0.000000000000000000e+00,4.501931741833686829e-02,6.298118829727172852e-02,-9.969987869262695312e-01,0.000000000000000000e+00,3.769020736217498779e-01,8.319337368011474609e-01,4.072236418724060059e-01,0.000000000000000000e+00,3.848325312137603760e-01,9.229511022567749023e-01,8.076699450612068176e-03,0.000000000000000000e+00
3.000000119209289551e-01,5.799999833106994629e-01,3.000000119209289551e-01,-1.258153170347213745e-01,8.182705044746398926e-01,9.909173473715782166e-03,9.824736714363098145e-01,1.312693953514099121e-01,1.323397755622863770e-01,0.000000000000000000e+00,9.897623658180236816e-01,1.327749937772750854e-01,-5.235715582966804504e-02,0.000000000000000000e+00,3.992798328399658203e-01,2.507512569427490234e-01,8.818726539611816406e-01,0.000000000000000000e+00,3.656947016716003418e-01,-7.549543976783752441e-01,-5.443447828292846680e-01,0.000000000000000000e+00,4.504491016268730164e-02,6.548550724983215332e-02,-9.968363046646118164e-01,0.000000000000000000e+00,3.761567473411560059e-01,8.319422006607055664e-01,4.078949391841888428e-01,0.000000000000000000e+00,3.847672939300537109e-01,9.229686856269836426e-01,9.108942002058029175e-03,0.000000000000000000e+00
3.000000119209289551e-01,5.799999833106994629e-01,3.000000119209289551e-01,-1.257990747690200806e-01,8.184828162193298340e-01,9.902581572532653809e-03,9.825259447097778320e-01,1.311134845018386841e-01,1.321062594652175903e-01,0.000000000000000000e+00,9.898704290390014648e-01,1.319539994001388550e-01,-5.238925293087959290e-02,0.000000000000000000e+00,3.986091315746307373e-01,2.504691779613494873e-01,8.822561502456665039e-01,0.000000000000000000e+00,3.645714223384857178e-01,-7.551037073135375977e-01,-5.448908805847167969e-01,0.000000000000000000e+00,4.506628587841987610e-02,6.984443217515945435e-02,-9.965394139289855957e-01,0.000000000000000000e+00,3.752173483371734619e-01,8.318453431129455566e-01,4.089563190937042236e-01,0.000000000000000000e+00,3.847729265689849854e-01,9.229521751403808594e-01,1.044399477541446686e-02,0.000000000000000000e+00
3.000000119209289551e-01,5.799999833106994629e-01,3.000000119209289551e-01,-1.257697194814682007e-01,8.186545372009277344e-01,9.890657849609851837e-03,9.825786352157592773e-01,1.310036778450012207e-01,1.318230628967285156e-01,0.000000000000000000e+00,9.899599552154541016e-01,1.312835961580276489e-01,-5.238207802176475525e-02,0.000000000000000000e+00,3.980409502983093262e-01,2.492361515760421753e-01,8.828616738319396973e-01,0.000000000000000000e+00,3.633063733577728271e-01,-7.554194927215576172e-01,-5.452979207038879395e-01,0.000000000000000000e+00,4.507026076316833496e-02,7.449354976415634155e-02,-9.962024688720703125e-01,0.000000000000000000e+00,3.752085566520690918e-01,8.314750790596008301e-01,4.097166061401367188e-01,0.000000000000000000e+00,3.845871090888977051e-01,9.230227470397949219e-01,1.103635225445032120e-02,0.000000000000000000e+00
3.000000119209289551e-01,5.799999833106994629e-01,3.000000119209289551e-01,-1.257412433624267578e-01,8.188211321830749512e-01,9.879088960587978363e-03,9.826303720474243164e-01,1.308981031179428101e-01,1.315417140722274780e-01,0.000000000000000000e+00,9.900469183921813965e-01,1.306296139955520630e-01,-5.237365141510963440e-02,0.000000000000000000e+00,3.973977863788604736e-01,2.469387650489807129e-01,8.837965130805969238e-01,0.000000000000000000e+00,3.621680438518524170e-01,-7.557004690170288086e-01,-5.456657409667968750e-01,0.000000000000000000e+00,4.507218673825263977e-02,7.910079509019851685e-02,-9.958471655845642090e-01,0.000000000000000000e+00,3.758189678192138672e-01,8.308310508728027344e-01,4.104629456996917725e-01,0.000000000000000000e+00,3.842272460460662842e-01,9.231705069541931152e-01,1.121092587709426880e-02,0.000000000000000000e+00
3.000000119209289551e-01,5.799999833106994629e-01,3.000000119209289551e-01,-1.256484687328338623e-01,8.191516399383544922e-01,9.797911159694194794e-03,9.827002286911010742e-01,1.307803392410278320e-01,1.311366260051727295e-01,0.000000000000000000e+00,9.901622533798217773e-01,1.297482550144195557e-01,-5.238422751426696777e-02,0.000000000000000000e+00,3.966452181339263916e-01,2.438516765832901001e-01,8.849909305572509766e-01,0.000000000000000000e+00,3.608126342296600342e-01,-7.560481429100036621e-01,-5.460818409919738770e-01,0.000000000000000000e+00,4.515279456973075867e-02,8.538644015789031982e-02,-9.953242540359497070e-01,0.000000000000000000e+00,3.765751719474792480e-01,8.300047516822814941e-01,4.114404916763305664e-01,0.000000000000000000e+00,3.837971985340118408e-01,9.233471155166625977e-01,1.139332633465528488e-02,0.000000000000000000e+00
3.000000119209289551e-01,5.799999833106994629e-01,3.000000119209289551e-01,-1.255043447017669678e-01,8.195828199386596680e-01,9.654968045651912689e-03,9.827822446823120117e-01,1.307415813207626343e-01,1.305589973926544189e-01,0.000000000000000000e+00,9.902905225753784180e-01,1.287247687578201294e-01,-5.248413980007171631e-02,0.000000000000000000e+00,3.965685367584228516e-01,2.402529567480087280e-01,8.860089778900146484e-01,0.000000000000000000e+00,3.594351410865783691e-01,-7.565006017684936523e-01,-5.463635921478271484e-01,0.000000000000000000e+00,4.554179310798645020e-02,9.295178949832916260e-02,-9.946285486221313477e-01,0.000000000000000000e+00,3.775046467781066895e-01,8.291497826576232910e-01,4.123116433620452881e-01,0.000000000000000000e+00,3.834593594074249268e-01,9.234854578971862793e-01,1.155359297990798950e-02,0.000000000000000000e+00
3.000000119209289551e-01,5.799999833106994629e-01,3.000000119209289551e-01,-1.253659129142761230e-01,8.199969530105590820e-01,9.517657570540904999e-03,9.828624129295349121e-01,1.307158619165420532e-01,1.299800276756286621e-01,0.000000000000000000e+00,9.904148578643798828e-01,1.277200281620025635e-01,-5.259314551949501038e-02,0.000000000000000000e+00,3.974417150020599365e-01,2.356977611780166626e-01,8.868408203125000000e-01,0.000000000000000000e+00,3.582550287246704102e-01,-7.569020986557006836e-01,-5.465825796127319336e-01,0.000000000000000000e+00,4.589878022670745850e-02,1.004269272089004517e-01,-9.938851594924926758e-01,0.000000000000000000e+00,3.787862062454223633e-01,8.282104134559631348e-01,4.130236208438873291e-01,0.000000000000000000e+00,3.832134306430816650e-01,9.235859513282775879e-01,1.168129686266183853e-02,0.000000000000000000e+00
3.000000119209289551e-01,5.799999833106994629e-01,3.000000119209289551e-01,-1.252329349517822266e-01,8.203948140144348145e-01,9.385758079588413239e-03,9.829386472702026367e-01,1.306927204132080078e-01,1.294255554676055908e-01,0.000000000000000000e+00,9.905328750610351562e-01,1.267575621604919434e-01,-5.269876495003700256e-02,0.000000000000000000e+00,3.982069790363311768e-01,2.312775850296020508e-01,8.876609206199645996e-01,0.000000000000000000e+00,3.572720885276794434e-01,-7.572397589683532715e-01,-5.467582941055297852e-01,0.000000000000000000e+00,4.618754237890243530e-02,1.076071560382843018e-01,-9.931200146675109863e-01,0.000000000000000000e+00,3.798772096633911133e-01,8.273582458496093750e-01,4.137289822101593018e-01,0.000000000000000000e+00,3.830097019672393799e-01,9.236689209938049316e-01,1.180258300155401230e-02,0.000000000000000000e+00
3.000000119209289551e-01,5.799999833106994629e-01,3.000000119209289551e-01,-1.250740438699722290e-01,8.208701610565185547e-01,9.228168055415153503e-03,9.830287694931030273e-01,1.306671500205993652e-01,1.287652999162673950e-01,0.000000000000000000e+00,9.906721115112304688e-01,1.256111562252044678e-01,-5.282616615295410156e-02,0.000000000000000000e+00,3.989799320697784424e-01,2.260043323040008545e-01,8.886715173721313477e-01,0.000000000000000000e+00,3.562713265419006348e-01,-7.575882673263549805e-01,-5.469284653663635254e-01,0.000000000000000000e+00,4.647174477577209473e-02,1.161846294999122620e-01,-9.921398758888244629e-01,0.000000000000000000e+00,3.809891939163208008e-01,8.264077901840209961e-01,4.146051704883575439e-01,0.000000000000000000e+00,3.828016519546508789e-01,9.237533211708068848e-01,1.194731332361698151e-02,0.000000000000000000e+00
3.000000119209289551e-01,5.799999833106994629e-01,3.000000119209289551e-01,-1.249525621533393860e-01,8.212336301803588867e-01,9.107674472033977509e-03,9.830969572067260742e-01,1.306491643190383911e-01,1.282621473073959351e-01,0.000000000000000000e+00,9.907772541046142578e-01,1.247372552752494812e-01,-5.292449891567230225e-02,0.000000000000000000e+00,3.994780182838439941e-01,2.219768762588500977e-01,8.894625306129455566e-01,0.000000000000000000e+00,3.556204438209533691e-01,-7.578188180923461914e-01,-5.470327138900756836e-01,0.000000000000000000e+00,4.665006697177886963e-02,1.227414235472679138e-01,-9.913416504859924316e-01,0.000000000000000000e+00,3.817136287689208984e-01,8.257257342338562012e-01,4.152971804141998291e-01,0.000000000000000000e+00,3.826659023761749268e-01,9.238080978393554688e-01,1.205785572528839111e-02,0.000000000000000000e+00
3.000000119209289551e-01,5.799999833106994629e-01,3.000000119209289551e-01,-1.247895956039428711e-01,8.215048313140869141e-01,8.985191583633422852e-03,9.831634163856506348e-01,1.305833905935287476e-01,1.278188675642013550e-01,0.000000000000000000e+00,9.909083843231201172e-01,1.236703544855117798e-01,-5.297353863716125488e-02,0.000000000000000000e+00,4.000198245048522949e-01,2.188939154148101807e-01,8.899829387664794922e-01,0.000000000000000000e+00,3.550389707088470459e-01,-7.580552697181701660e-01,-5.470827817916870117e-01,0.000000000000000000e+00,4.724942892789840698e-02,1.292066425085067749e-01,-9.904913902282714844e-01,0.000000000000000000e+00,3.821308910846710205e-01,8.252644538879394531e-01,4.158299863338470459e-01,0.000000000000000000e+00,3.825859129428863525e-01,9.238404035568237305e-01,1.212171558290719986e-02,0.000000000000000000e+00
3.000000119209289551e-01,5.799999833106994629e-01,3.000000119209289551e-01,-1.245798096060752869e-01,8.218539357185363770e-01,8.827520534396171570e-03,9.832734465599060059e-01,1.304228305816650391e-01,1.271344274282455444e-01,0.000000000000000000e+00,9.911542534828186035e-01,1.216706335544586182e-01,-5.300512164831161499e-02,0.000000000000000000e+00,4.040098190307617188e-01,2.123085111379623413e-01,8.897758722305297852e-01,0.000000000000000000e+00,3.541476130485534668e-01,-7.584548592567443848e-01,-5.471066832542419434e-01,0.000000000000000000e+00,4.858999699354171753e-02,1.400146186351776123e-01,-9.889564514160156250e-01,0.000000000000000000e+00,3.819194734096527100e-01,8.248486518859863281e-01,4.168479144573211670e-01,0.000000000000000000e+00,3.825977742671966553e-01,9.238377213478088379e-01,1.195213291794061661e-02,0.000000000000000000e+00
3.000000119209289551e-01,5.799999833106994629e-01,3.000000119209289551e-01,-1.244279146194458008e-01,8.221066594123840332e-01,8.713358081877231598e-03,9.833535552024841309e-01,1.303046345710754395e-01,1.266353279352188110e-01,0.000000000000000000e+00,9.913325905799865723e-01,1.201988011598587036e-01,-5.302773043513298035e-02,0.000000000000000000e+00,4.073375165462493896e-01,2.069450318813323975e-01,8.895222544670104980e-01,0.000000000000000000e+00,3.535687923431396484e-01,-7.587255239486694336e-01,-5.471057295799255371e-01,0.000000000000000000e+00,4.945589601993560791e-02,1.479488164186477661e-01,-9.877576828002929688e-01,0.000000000000000000e+00,3.816239535808563232e-01,8.245760202407836914e-01,4.176571667194366455e-01,0.000000000000000000e+00,3.826293647289276123e-01,9.238269329071044922e-01,1.176932174712419510e-02,0.000000000000000000e+00
3.000000119209289551e-01,5.799999833106994629e-01,3.000000119209289551e-01,-1.240672171115875244e-01,8.225882649421691895e-01,8.603258989751338959e-03,9.834775328636169434e-01,1.300736367702484131e-01,1.259078234434127808e-01,0.000000000000000000e+00,9.915571212768554688e-01,1.182323023676872253e-01,-5.324993282556533813e-02,0.000000000000000000e+00,4.115464687347412109e-01,1.999884843826293945e-01,8.891760706901550293e-01,0.000000000000000000e+00,3.522648811340332031e-01,-7.586998939514160156e-01,-5.479817390441894531e-01,0.000000000000000000e+00,5.034239590167999268e-02,1.590435057878494263e-01,-9.859872460365295410e-01,0.000000000000000000e+00,3.811122477054595947e-01,8.242617845535278320e-01,4.187432825565338135e-01,0.000000000000000000e+00,3.827825486660003662e-01,9.237664341926574707e-01,1.153546664863824844e-02,0.000000000000000000e+00
3.000000119209289551e-01,5.799999833106994629e-01,3.000000119209289551e-01,-1.237207353115081787e-01,8.230508565902709961e-01,8.497497998178005219e-03,9.836117625236511230e-01,1.297934502363204956e-01,1.251460611820220947e-01,0.000000000000000000e+00,9.917674064636230469e-01,1.162904202938079834e-01,-5.360936000943183899e-02,0.000000000000000000e+00,4.216115772724151611e-01,1.918719112873077393e-01,8.862442374229431152e-01,0.000000000000000000e+00,3.507113754749298096e-01,-7.583528757095336914e-01,-5.494564771652221680e-01,0.000000000000000000e+00,5.100519582629203796e-02,1.703641861677169800e-01,-9.840602278709411621e-01,0.000000000000000000e+00,3.780180215835571289e-01,8.247443437576293945e-01,4.205938279628753662e-01,0.000000000000000000e+00,3.846969008445739746e-01,9.229733347892761230e-01,1.133446954190731049e-02,0.000000000000000000e+00
3.000000119209289551e-01,5.799999833106994629e-01,3.000000119209289551e-01,-1.233879029750823975e-01,8.234952688217163086e-01,8.395904675126075745e-03,9.837393760681152344e-01,1.295269876718521118e-01,1.244170889258384705e-01,0.000000000000000000e+00,9.919650554656982422e-01,1.144293844699859619e-01,-5.395595729351043701e-02,0.000000000000000000e+00,4.319133758544921875e-01,1.837320029735565186e-01,8.830024600028991699e-01,0.000000000000000000e+00,3.494176566600799561e-01,-7.579554319381713867e-01,-5.508274435997009277e-01,0.000000000000000000e+00,5.154014378786087036e-02,1.812354475259780884e-01,-9.820882678031921387e-01,0.000000000000000000e+00,3.746338784694671631e-01,8.252923488616943359e-01,4.225423634052276611e-01,0.000000000000000000e+00,3.868240416049957275e-01,9.220861196517944336e-01,1.115008350461721420e-02,0.000000000000000000e+00
3.000000119209289551e-01,5.799999833106994629e-01,3.000000119209289551e-01,-1.231261640787124634e-01,8.238002657890319824e-01,8.473080582916736603e-03,9.838354587554931641e-01,1.293119937181472778e-01,1.238797828555107117e-01,0.000000000000000000e+00,9.921090006828308105e-01,1.130308136343955994e-01,-5.425636842846870422e-02,0.000000000000000000e+00,4.392806291580200195e-01,1.779676377773284912e-01,8.805453181266784668e-01,0.000000000000000000e+00,3.484000265598297119e-01,-7.578613758087158203e-01,-5.516008734703063965e-01,0.000000000000000000e+00,5.182778462767601013e-02,1.909008622169494629e-01,-9.802401661872863770e-01,0.000000000000000000e+00,3.723987936973571777e-01,8.254530429840087891e-01,4.242009520530700684e-01,0.000000000000000000e+00,3.881858289241790771e-01,9.215181469917297363e-01,1.077495887875556946e-02,0.000000000000000000e+00
3.000000119209289551e-01,5.799999833106994629e-01,3.000000119209289551e-01,-1.227070912718772888e-01,8.242886066436767578e-01,8.596648462116718292e-03,9.839959740638732910e-01,1.289278268814086914e-01,1.230023801326751709e-01,0.000000000000000000e+00,9.923405647277832031e-01,1.106984987854957581e-01,-5.482737347483634949e-02,0.000000000000000000e+00,4.533216059207916260e-01,1.691603809595108032e-01,8.751481771469116211e-01,0.000000000000000000e+00,3.466572761535644531e-01,-7.580542564392089844e-01,-5.524331927299499512e-01,0.000000000000000000e+00,5.213179439306259155e-02,2.096422016620635986e-01,-9.763874411582946777e-01,0.000000000000000000e+00,3.689627647399902344e-01,8.248766660690307617e-01,4.283047616481781006e-01,0.000000000000000000e+00,3.900894522666931152e-01,9.207335710525512695e-01,8.940337225794792175e-03,0.000000000000000000e+00
3.000000119209289551e-01,5.799999833106994629e-01,3.000000119209289551e-01,-1.224655732512474060e-01,8.245700001716613770e-01,8.667862042784690857e-03,9.840877652168273926e-01,1.287071704864501953e-01,1.224981248378753662e-01,0.000000000000000000e+00,9.924711585044860840e-01,1.093543469905853271e-01,-5.515976622700691223e-02,0.000000000000000000e+00,4.605863094329833984e-01,1.641982495784759521e-01,8.722953200340270996e-01,0.000000000000000000e+00,3.457797467708587646e-01,-7.581347823143005371e-01,-5.528725385665893555e-01,0.000000000000000000e+00,5.227022245526313782e-02,2.205305695533752441e-01,-9.739784598350524902e-01,0.000000000000000000e+00,3.672194182872772217e-01,8.243947029113769531e-01,4.307241141796112061e-01,0.000000000000000000e+00,3.910413086414337158e-01,9.203400611877441406e-01,7.798892911523580551e-03,0.000000000000000000e+00
3.000000119209289551e-01,5.799999833106994629e-01,3.000000119209289551e-01,-1.222534030675888062e-01,8.248299360275268555e-01,8.725313469767570496e-03,9.841860532760620117e-01,1.284558475017547607e-01,1.219710782170295715e-01,0.000000000000000000e+00,9.926266670227050781e-01,1.078142225742340088e-01,-5.539263039827346802e-02,0.000000000000000000e+00,4.670620858669281006e-01,1.594594866037368774e-01,8.697273731231689453e-01,0.000000000000000000e+00,3.452891707420349121e-01,-7.581551074981689453e-01,-5.531511902809143066e-01,0.000000000000000000e+00,5.271429196000099182e-02,2.333230674266815186e-01,-9.709693789482116699e-01,0.000000000000000000e+00,3.657114803791046143e-01,8.238220810890197754e-01,4.330961108207702637e-01,0.000000000000000000e+00,3.919543325901031494e-01,9.199607372283935547e-01,6.637432146817445755e-03,0.000000000000000000e+00
3.000000119209289551e-01,5.799999833106994629e-01,3.000000119209289551e-01,-1.219802796840667725e-01,8.251645565032958984e-01,8.799268864095211029e-03,9.843257069587707520e-01,1.280788630247116089e-01,1.212383583188056946e-01,0.000000000000000000e+00,9.928666949272155762e-01,1.054914072155952454e-01,-5.556309968233108521e-02,0.000000000000000000e+00,4.763751029968261719e-01,1.536675244569778442e-01,8.657095432281494141e-01,0.000000000000000000e+00,3.451123833656311035e-01,-7.581186890602111816e-01,-5.533114075660705566e-01,0.000000000000000000e+00,5.365367978811264038e-02,2.530171573162078857e-01,-9.659729003906250000e-01,0.000000000000000000e+00,3.642344176769256592e-01,8.224075436592102051e-01,4.370115697383880615e-01,0.000000000000000000e+00,3.942194283008575439e-01,9.190063476562500000e-01,4.291685763746500015e-03,0.000000000000000000e+00
3.000000119209289551e-01,5.799999833106994629e-01,3.000000119209289551e-01,-1.217825263738632202e-01,8.254068493843078613e-01,8.852817118167877197e-03,9.844264984130859375e-01,1.278053224086761475e-01,1.207072138786315918e-01,0.000000000000000000e+00,9.930385351181030273e-01,1.037975996732711792e-01,-5.568192154169082642e-02,0.000000000000000000e+00,4.827975034713745117e-01,1.495955288410186768e-01,8.628602027893066406e-01,0.000000000000000000e+00,3.450158238410949707e-01,-7.580860853195190430e-01,-5.534162521362304688e-01,0.000000000000000000e+00,5.425087362527847290e-02,2.674195468425750732e-01,-9.620517492294311523e-01,0.000000000000000000e+00,3.633424341678619385e-01,8.211885690689086914e-01,4.400359094142913818e-01,0.000000000000000000e+00,3.959524929523468018e-01,9.182679057121276855e-01,2.391615882515907288e-03,0.000000000000000000e+00
3.000000119209289551e-01,5.799999833106994629e-01,3.000000119209289551e-01,-1.215792223811149597e-01,8.257048130035400391e-01,8.928650990128517151e-03,9.846144914627075195e-01,1.271697729825973511e-01,1.198419779539108276e-01,0.000000000000000000e+00,9.933913946151733398e-01,1.004352420568466187e-01,-5.555471032857894897e-02,0.000000000000000000e+00,4.917895495891571045e-01,1.431913077831268311e-01,8.588593006134033203e-01,0.000000000000000000e+00,3.444566428661346436e-01,-7.579820752143859863e-01,-5.539067983627319336e-01,0.000000000000000000e+00,5.647902935743331909e-02,2.940465509891510010e-01,-9.541209340095520020e-01,0.000000000000000000e+00,3.620938658714294434e-01,8.191514611244201660e-01,4.448358416557312012e-01,0.000000000000000000e+00,3.983644247055053711e-01,9.172269701957702637e-01,-6.482821772806346416e-04,0.000000000000000000e+00
3.000000119209289551e-01,5.799999833106994629e-01,3.000000119209289551e-01,-1.214237809181213379e-01,8.259326219558715820e-01,8.986633270978927612e-03,9.847683310508728027e-01,1.266032904386520386e-01,1.191762387752532959e-01,0.000000000000000000e+00,9.936870932579040527e-01,9.759615361690521240e-02,-5.532622709870338440e-02,0.000000000000000000e+00,4.977042078971862793e-01,1.383814215660095215e-01,8.562365770339965820e-01,0.000000000000000000e+00,3.439239561557769775e-01,-7.578613758087158203e-01,-5.544027686119079590e-01,0.000000000000000000e+00,5.844479799270629883e-02,3.158990144729614258e-01,-9.469910264015197754e-01,0.000000000000000000e+00,3.612746000289916992e-01,8.175283670425415039e-01,4.484729468822479248e-01,0.000000000000000000e+00,3.999367952346801758e-01,9.165378808975219727e-01,-2.971190027892589569e-03,0.000000000000000000e+00
3.000000119209289551e-01,5.799999833106994629e-01,3.000000119209289551e-01,-1.212744638323783875e-01,8.261514902114868164e-01,9.042331017553806305e-03,9.849145412445068359e-01,1.260622590780258179e-01,1.185397431254386902e-01,0.000000000000000000e+00,9.939627051353454590e-01,9.487432241439819336e-02,-5.510895326733589172e-02,0.000000000000000000e+00,5.026872754096984863e-01,1.338242590427398682e-01,8.540471792221069336e-01,0.000000000000000000e+00,3.434811830520629883e-01,-7.577245831489562988e-01,-5.548640489578247070e-01,0.000000000000000000e+00,6.002999469637870789e-02,3.368794023990631104e-01,-9.396321773529052734e-01,0.000000000000000000e+00,3.605868816375732422e-01,8.159201741218566895e-01,4.519417583942413330e-01,0.000000000000000000e+00,4.012489020824432373e-01,9.159542918205261230e-01,-5.201824475079774857e-03,0.000000000000000000e+00
3.000000119209289551e-01,5.799999833106994629e-01,3.000000119209289551e-01,-1.212128177285194397e-01,8.262549638748168945e-01,9.087228216230869293e-03,9.850264787673950195e-01,1.256266236305236816e-01,1.180710941553115845e-01,0.000000000000000000e+00,9.941627383232116699e-01,9.285595268011093140e-02,-5.493857711553573608e-02,0.000000000000000000e+00,5.070941448211669922e-01,1.303747445344924927e-01,8.519729971885681152e-01,0.000000000000000000e+00,3.429500460624694824e-01,-7.576764822006225586e-01,-5.552582144737243652e-01,0.000000000000000000e+00,6.119391694664955139e-02,3.529037833213806152e-01,-9.336563944816589355e-01,0.000000000000000000e+00,3.598907589912414551e-01,8.143963813781738281e-01,4.552331268787384033e-01,0.000000000000000000e+00,4.030608534812927246e-01,9.151450395584106445e-01,-7.175933104008436203e-03,0.000000000000000000e+00
3.000000119209289551e-01,5.799999833106994629e-01,3.000000119209289551e-01,-1.211759001016616821e-01,8.263283371925354004e-01,9.133042767643928528e-03,9.851541519165039062e-01,1.250751167535781860e-01,1.175905317068099976e-01,0.000000000000000000e+00,9.943680167198181152e-01,9.075540304183959961e-02,-5.473335087299346924e-02,0.000000000000000000e+00,5.142514109611511230e-01,1.265421509742736816e-01,8.482526540756225586e-01,0.000000000000000000e+00,3.417996764183044434e-01,-7.577847838401794434e-01,-5.558193325996398926e-01,0.000000000000000000e+00,6.268299371004104614e-02,3.708527684211730957e-01,-9.265738129615783691e-01,0.000000000000000000e+00,3.585729300975799561e-01,8.119209408760070801e-01,4.606623947620391846e-01,0.000000000000000000e+00,4.073265194892883301e-01,9.132266044616699219e-01,-1.011315453797578812e-02,0.000000000000000000e+00
3.000000119209289551e-01,5.799999833106994629e-01,3.000000119209289551e-01,-1.211283653974533081e-01,8.264227509498596191e-01,9.192019701004028320e-03,9.853223562240600586e-01,1.243323087692260742e-01,1.169672459363937378e-01,0.000000000000000000e+00,9.946292638778686523e-01,8.801559358835220337e-02,-5.445964261889457703e-02,0.000000000000000000e+00,5.233286023139953613e-01,1.215518638491630554e-01,8.434170484542846680e-01,0.000000000000000000e+00,3.403113782405853271e-01,-7.579157352447509766e-01,-5.565536022186279297e-01,0.000000000000000000e+00,6.445583701133728027e-02,3.946009278297424316e-01,-9.165890812873840332e-01,0.000000000000000000e+00,3.568655550479888916e-01,8.083457946777343750e-01,4.682136774063110352e-01,0.000000000000000000e+00,4.128850400447845459e-01,9.106729030609130859e-01,-1.417256053537130356e-02,0.000000000000000000e+00
3.000000119209289551e-01,5.799999833106994629e-01,3.000000119209289551e-01,-1.211322546005249023e-01,8.263822197914123535e-01,9.270074777305126190e-03,9.854592084884643555e-01,1.236752793192863464e-01,1.165097430348396301e-01,0.000000000000000000e+00,9.948186874389648438e-01,8.596632629632949829e-02,-5.427332967519760132e-02,0.000000000000000000e+00,5.299277305603027344e-01,1.177879348397254944e-01,8.398229479789733887e-01,0.000000000000000000e+00,3.387701809406280518e-01,-7.581454515457153320e-01,-5.571806430816650391e-01,0.000000000000000000e+00,6.638930737972259521e-02,4.126591980457305908e-01,-9.084628820419311523e-01,0.000000000000000000e+00,3.558107018470764160e-01,8.053827881813049316e-01,4.740858078002929688e-01,0.000000000000000000e+00,4.172232449054718018e-01,9.086382985115051270e-01,-1.735556125640869141e-02,0.000000000000000000e+00
3.000000119209289551e-01,5.799999833106994629e-01,3.000000119209289551e-01,-1.211372539401054382e-01,8.263300061225891113e-01,9.370553307235240936e-03,9.856569766998291016e-01,1.226572245359420776e-01,1.159119158983230591e-01,0.000000000000000000e+00,9.950632452964782715e-01,8.323302865028381348e-02,-5.405041575431823730e-02,0.000000000000000000e+00,5.403233766555786133e-01,1.121870055794715881e-01,8.339452743530273438e-01,0.000000000000000000e+00,3.361975550651550293e-01,-7.586095929145812988e-01,-5.581063628196716309e-01,0.000000000000000000e+00,6.968836486339569092e-02,4.371442198753356934e-01,-8.966875076293945312e-01,0.000000000000000000e+00,3.547783493995666504e-01,8.003065586090087891e-01,4.833649992942810059e-01,0.000000000000000000e+00,4.251378774642944336e-01,9.048507213592529297e-01,-2.242601849138736725e-02,0.000000000000000000e+00
3.000000119209289551e-01,5.799999833106994629e-01,3.000000119209289551e-01,-1.211420521140098572e-01,8.262798786163330078e-01,9.467073716223239899e-03,9.858459234237670898e-01,1.216732487082481384e-01,1.153406426310539246e-01,0.000000000000000000e+00,9.952909946441650391e-01,8.060547709465026855e-02,-5.383890494704246521e-02,0.000000000000000000e+00,5.494900941848754883e-01,1.067872792482376099e-01,8.286477327346801758e-01,0.000000000000000000e+00,3.340128362178802490e-01,-7.589674592018127441e-01,-5.589309334754943848e-01,0.000000000000000000e+00,7.242178171873092651e-02,4.606764614582061768e-01,-8.846085667610168457e-01,0.000000000000000000e+00,3.539076745510101318e-01,7.951202392578125000e-01,4.924765229225158691e-01,0.000000000000000000e+00,4.321500658988952637e-01,9.013842344284057617e-01,-2.743730694055557251e-02,0.000000000000000000e+00
3.000000119209289551e-01,5.799999833106994629e-01,3.000000119209289551e-01,-1.211620718240737915e-01,8.262800574302673340e-01,9.404109790921211243e-03,9.859929680824279785e-01,1.209158003330230713e-01,1.148790791630744934e-01,0.000000000000000000e+00,9.954588413238525391e-01,7.860980927944183350e-02,-5.368591472506523132e-02,0.000000000000000000e+00,5.558603405952453613e-01,1.029522791504859924e-01,8.248757719993591309e-01,0.000000000000000000e+00,3.321767747402191162e-01,-7.594423890113830566e-01,-5.593798756599426270e-01,0.000000000000000000e+00,7.501605898141860962e-02,4.781709015369415283e-01,-8.750572204589843750e-01,0.000000000000000000e+00,3.534275889396667480e-01,7.911066412925720215e-01,4.992386400699615479e-01,0.000000000000000000e+00,4.369812607765197754e-01,8.989366292953491211e-01,-3.098829463124275208e-02,0.000000000000000000e+00
3.000000119209289551e-01,5.799999833106994629e-01,3.000000119209289551e-01,-1.211878433823585510e-01,8.262803554534912109e-01,9.323058649897575378e-03,9.861970543861389160e-01,1.198755651712417603e-01,1.142155230045318604e-01,0.000000000000000000e+00,9.956793189048767090e-01,7.590561360120773315e-02,-5.348902568221092224e-02,0.000000000000000000e+00,5.648674368858337402e-01,9.815161675214767456e-02,8.193235397338867188e-01,0.000000000000000000e+00,3.294774591922760010e-01,-7.603555917739868164e-01,-5.597356557846069336e-01,0.000000000000000000e+00,7.913392782211303711e-02,5.013389587402343750e-01,-8.616246581077575684e-01,0.000000000000000000e+00,3.532262444496154785e-01,7.851432561874389648e-01,5.087055563926696777e-01,0.000000000000000000e+00,4.438021779060363770e-01,8.954310417175292969e-01,-3.525417670607566833e-02,0.000000000000000000e+00
3.000000119209289551e-01,5.799999833106994629e-01,3.000000119209289551e-01,-1.212174743413925171e-01,8.263007998466491699e-01,9.235065430402755737e-03,9.863452315330505371e-01,1.191220209002494812e-01,1.137234494090080261e-01,0.000000000000000000e+00,9.958388805389404297e-01,7.389475405216217041e-02,-5.333375930786132812e-02,0.000000000000000000e+00,5.708917975425720215e-01,9.473880380392074585e-02,8.155410289764404297e-01,0.000000000000000000e+00,3.277042806148529053e-01,-7.610110640525817871e-01,-5.598857998847961426e-01,0.000000000000000000e+00,8.193608373403549194e-02,5.181353092193603516e-01,-8.513649702072143555e-01,0.000000000000000000e+00,3.531113564968109131e-01,7.806739211082458496e-01,5.156167149543762207e-01,0.000000000000000000e+00,4.483141899108886719e-01,8.930546641349792480e-01,-3.831148520112037659e-02,0.000000000000000000e+00
3.000000119209289551e-01,5.799999833106994629e-01,3.000000119209289551e-01,-1.212842687964439392e-01,8.263801932334899902e-01,9.045193903148174286e-03,9.865537285804748535e-01,1.181537136435508728e-01,1.129223108291625977e-01,0.000000000000000000e+00,9.961037039756774902e-01,7.054553925991058350e-02,-5.292213708162307739e-02,0.000000000000000000e+00,5.782133340835571289e-01,9.041202813386917114e-02,8.108606934547424316e-01,0.000000000000000000e+00,3.252975344657897949e-01,-7.625077962875366211e-01,-5.592525005340576172e-01,0.000000000000000000e+00,8.773416280746459961e-02,5.406134128570556641e-01,-8.366838693618774414e-01,0.000000000000000000e+00,3.532558381557464600e-01,7.745955586433410645e-01,5.246065855026245117e-01,0.000000000000000000e+00,4.538151621818542480e-01,8.900905251502990723e-01,-4.231612011790275574e-02,0.000000000000000000e+00
3.000000119209289551e-01,5.799999833106994629e-01,3.000000119209289551e-01,-1.213484257459640503e-01,8.264564275741577148e-01,8.862802758812904358e-03,9.867576956748962402e-01,1.172271966934204102e-01,1.121026054024696350e-01,0.000000000000000000e+00,9.963667988777160645e-01,6.708993017673492432e-02,-5.246102437376976013e-02,0.000000000000000000e+00,5.858888626098632812e-01,8.633253723382949829e-02,8.057796955108642578e-01,0.000000000000000000e+00,3.231781721115112305e-01,-7.640828490257263184e-01,-5.583307743072509766e-01,0.000000000000000000e+00,9.326273202896118164e-02,5.623677372932434082e-01,-8.216109275817871094e-01,0.000000000000000000e+00,3.546023666858673096e-01,7.676739692687988281e-01,5.337919592857360840e-01,0.000000000000000000e+00,4.598593413829803467e-01,8.867762684822082520e-01,-4.644637927412986755e-02,0.000000000000000000e+00
3.000000119209289551e-01,5.799999833106994629e-01,3.000000119209289551e-01,-1.213875859975814819e-01,8.264857530593872070e-01,8.709369227290153503e-03,9.868583083152770996e-01,1.167650073766708374e-01,1.116989105939865112e-01,0.000000000000000000e+00,9.964901208877563477e-01,6.540592759847640991e-02,-5.224438011646270752e-02,0.000000000000000000e+00,5.893883705139160156e-01,8.438006788492202759e-02,8.034309744834899902e-01,0.000000000000000000e+00,3.221796452999114990e-01,-7.648225426673889160e-01,-5.578949451446533203e-01,0.000000000000000000e+00,9.561330080032348633e-02,5.729418992996215820e-01,-8.139997720718383789e-01,0.000000000000000000e+00,3.552583456039428711e-01,7.642277479171752930e-01,5.382819175720214844e-01,0.000000000000000000e+00,4.626013040542602539e-01,8.852403759956359863e-01,-4.847209155559539795e-02,0.000000000000000000e+00
3.000000119209289551e-01,5.799999833106994629e-01,3.000000119209289551e-01,-1.215016841888427734e-01,8.265379667282104492e-01,8.180647157132625580e-03,9.871482253074645996e-01,1.153711006045341492e-01,1.105799227952957153e-01,0.000000000000000000e+00,9.967796206474304199e-01,6.117104366421699524e-02,-5.185078456997871399e-02,0.000000000000000000e+00,5.980398058891296387e-01,7.953809201717376709e-02,7.975099682807922363e-01,0.000000000000000000e+00,3.186007440090179443e-01,-7.666411399841308594e-01,-5.574539899826049805e-01,0.000000000000000000e+00,1.002827957272529602e-01,5.998201966285705566e-01,-7.938255667686462402e-01,0.000000000000000000e+00,3.590297996997833252e-01,7.540544271469116211e-01,5.499995946884155273e-01,0.000000000000000000e+00,4.698859453201293945e-01,8.810638189315795898e-01,-5.416406318545341492e-02,0.000000000000000000e+00
3.000000119209289551e-01,5.799999833106994629e-01,3.000000119209289551e-01,-1.215889230370521545e-01,8.265779018402099609e-01,7.776387967169284821e-03,9.873762130737304688e-01,1.142546012997627258e-01,1.096998080611228943e-01,0.000000000000000000e+00,9.969891309738159180e-01,5.790120735764503479e-02,-5.157659202814102173e-02,0.000000000000000000e+00,6.042488217353820801e-01,7.582019269466400146e-02,7.931801080703735352e-01,0.000000000000000000e+00,3.160058259963989258e-01,-7.679293155670166016e-01,-5.571578145027160645e-01,0.000000000000000000e+00,1.031660884618759155e-01,6.204623579978942871e-01,-7.774208784103393555e-01,0.000000000000000000e+00,3.623868227005004883e-01,7.455196380615234375e-01,5.593534111976623535e-01,0.000000000000000000e+00,4.752226769924163818e-01,8.778946995735168457e-01,-5.885858833789825439e-02,0.000000000000000000e+00
3.000000119209289551e-01,5.799999833106994629e-01,3.000000119209289551e-01,-1.216626837849617004e-01,8.266016840934753418e-01,7.543738465756177902e-03,9.874873161315917969e-01,1.137062609195709229e-01,1.092687696218490601e-01,0.000000000000000000e+00,9.970875978469848633e-01,5.629326775670051575e-02,-5.145226418972015381e-02,0.000000000000000000e+00,6.070109009742736816e-01,7.403618842363357544e-02,7.912372946739196777e-01,0.000000000000000000e+00,3.147902488708496094e-01,-7.685292363166809082e-01,-5.570187568664550781e-01,0.000000000000000000e+00,1.043173596262931824e-01,6.305048465728759766e-01,-7.691433429718017578e-01,0.000000000000000000e+00,3.638280630111694336e-01,7.413813471794128418e-01,5.638996362686157227e-01,0.000000000000000000e+00,4.775610268115997314e-01,8.764687180519104004e-01,-6.113996729254722595e-02,0.000000000000000000e+00
3.000000119209289551e-01,5.799999833106994629e-01,3.000000119209289551e-01,-1.218674555420875549e-01,8.266564607620239258e-01,7.020620163530111313e-03,9.877244234085083008e-01,1.125194728374481201e-01,1.083505824208259583e-01,0.000000000000000000e+00,9.972826242446899414e-01,5.283952504396438599e-02,-5.133517086505889893e-02,0.000000000000000000e+00,6.126686334609985352e-01,7.060664147138595581e-02,7.871797084808349609e-01,0.000000000000000000e+00,3.114030957221984863e-01,-7.697988152503967285e-01,-5.571694970130920410e-01,0.000000000000000000e+00,1.052808985114097595e-01,6.513814926147460938e-01,-7.514107227325439453e-01,0.000000000000000000e+00,3.689142763614654541e-01,7.317851781845092773e-01,5.730555653572082520e-01,0.000000000000000000e+00,4.830454587936401367e-01,8.731135129928588867e-01,-6.587763875722885132e-02,0.000000000000000000e+00
3.000000119209289551e-01,5.799999833106994629e-01,3.000000119209289551e-01,-1.220641583204269409e-01,8.267090916633605957e-01,6.518114823848009109e-03,9.879567027091979980e-01,1.113425716757774353e-01,1.074449568986892700e-01,0.000000000000000000e+00,9.974619746208190918e-01,4.941245913505554199e-02,-5.126436054706573486e-02,0.000000000000000000e+00,6.180572509765625000e-01,6.735651195049285889e-02,7.832422256469726562e-01,0.000000000000000000e+00,3.081908524036407471e-01,-7.709431648254394531e-01,-5.573733448982238770e-01,0.000000000000000000e+00,1.056928336620330811e-01,6.716890931129455566e-01,-7.332549691200256348e-01,0.000000000000000000e+00,3.749676346778869629e-01,7.214519977569580078e-01,5.821565985679626465e-01,0.000000000000000000e+00,4.886495471000671387e-01,8.696133494377136230e-01,-7.067004591226577759e-02,0.000000000000000000e+00
3.000000119209289551e-01,5.799999833106994629e-01,3.000000119209289551e-01,-1.222444027662277222e-01,8.267394304275512695e-01,6.000378634780645370e-03,9.881398081779479980e-01,1.104185283184051514e-01,1.067119762301445007e-01,0.000000000000000000e+00,9.975967407226562500e-01,4.672878235578536987e-02,-5.115859210491180420e-02,0.000000000000000000e+00,6.215972304344177246e-01,6.503028422594070435e-02,7.806330323219299316e-01,0.000000000000000000e+00,3.056412935256958008e-01,-7.718176841735839844e-01,-5.575668811798095703e-01,0.000000000000000000e+00,1.064649447798728943e-01,6.867911815643310547e-01,-7.190153598785400391e-01,0.000000000000000000e+00,3.787909448146820068e-01,7.140258550643920898e-01,5.887991786003112793e-01,0.000000000000000000e+00,4.922599792480468750e-01,8.672841787338256836e-01,-7.414993643760681152e-02,0.000000000000000000e+00
3.000000119209289551e-01,5.799999833106994629e-01,3.000000119209289551e-01,-1.224764361977577209e-01,8.267785310745239258e-01,5.333904176950454712e-03,9.883968830108642578e-01,1.091249659657478333e-01,1.056566685438156128e-01,0.000000000000000000e+00,9.977762103080749512e-01,4.298102110624313354e-02,-5.094344913959503174e-02,0.000000000000000000e+00,6.261131167411804199e-01,6.202548742294311523e-02,7.772613763809204102e-01,0.000000000000000000e+00,3.020519018173217773e-01,-7.730044722557067871e-01,-5.578787922859191895e-01,0.000000000000000000e+00,1.080413311719894409e-01,7.068006396293640137e-01,-6.991136670112609863e-01,0.000000000000000000e+00,3.845916390419006348e-01,7.035998106002807617e-01,5.975253582000732422e-01,0.000000000000000000e+00,4.973838925361633301e-01,8.639435768127441406e-01,-7.880812138319015503e-02,0.000000000000000000e+00
3.000000119209289551e-01,5.799999833106994629e-01,3.000000119209289551e-01,-1.226993277668952942e-01,8.268160223960876465e-01,4.693692084401845932e-03,9.886415004730224609e-01,1.078810542821884155e-01,1.046408861875534058e-01,0.000000000000000000e+00,9.979361891746520996e-01,3.936391323804855347e-02,-5.073283240199089050e-02,0.000000000000000000e+00,6.306417584419250488e-01,5.910039320588111877e-02,7.738204598426818848e-01,0.000000000000000000e+00,2.990382909774780273e-01,-7.740223407745361328e-01,-5.580909848213195801e-01,0.000000000000000000e+00,1.093067601323127747e-01,7.257587909698486328e-01,-6.792099475860595703e-01,0.000000000000000000e+00,3.918994665145874023e-01,6.920453906059265137e-01,6.062078475952148438e-01,0.000000000000000000e+00,5.033608078956604004e-01,8.600231409072875977e-01,-8.359459787607192993e-02,0.000000000000000000e+00
3.000000119209289551e-01,5.799999833106994629e-01,3.000000119209289551e-01,-1.229053661227226257e-01,8.269390463829040527e-01,3.900701878592371941e-03,9.889015555381774902e-01,1.065622866153717041e-01,1.035286411643028259e-01,0.000000000000000000e+00,9.980720281600952148e-01,3.607728704810142517e-02,-5.050423368811607361e-02,0.000000000000000000e+00,6.345796585083007812e-01,5.631846562027931213e-02,7.708027362823486328e-01,0.000000000000000000e+00,2.951828837394714355e-01,-7.745707035064697266e-01,-5.593811869621276855e-01,0.000000000000000000e+00,1.100239753723144531e-01,7.443923950195312500e-01,-6.586157679557800293e-01,0.000000000000000000e+00,3.980356752872467041e-01,6.809886097908020020e-01,6.146723628044128418e-01,0.000000000000000000e+00,5.084728002548217773e-01,8.565461635589599609e-01,-8.822763711214065552e-02,0.000000000000000000e+00
3.000000119209289551e-01,5.799999833106994629e-01,3.000000119209289551e-01,-1.230545565485954285e-01,8.270280957221984863e-01,3.326533595100045204e-03,9.891033768653869629e-01,1.055376529693603516e-01,1.026463508605957031e-01,0.000000000000000000e+00,9.981607198715209961e-01,3.380452841520309448e-02,-5.032379180192947388e-02,0.000000000000000000e+00,6.377399563789367676e-01,5.418626591563224792e-02,7.683433890342712402e-01,0.000000000000000000e+00,2.919779717922210693e-01,-7.746833562850952148e-01,-5.609050989151000977e-01,0.000000000000000000e+00,1.102861538529396057e-01,7.580698728561401367e-01,-6.427807211875915527e-01,0.000000000000000000e+00,4.032971858978271484e-01,6.723403930664062500e-01,6.207332611083984375e-01,0.000000000000000000e+00,5.123830437660217285e-01,8.538197875022888184e-01,-9.195295721292495728e-02,0.000000000000000000e+00
3.000000119209289551e-01,5.799999833106994629e-01,3.000000119209289551e-01,-1.232465952634811401e-01,8.271427154541015625e-01,2.587415045127272606e-03,9.893595576286315918e-01,1.042230874300003052e-01,1.015148088335990906e-01,0.000000000000000000e+00,9.982671737670898438e-01,3.087884001433849335e-02,-5.009189248085021973e-02,0.000000000000000000e+00,6.422366499900817871e-01,5.127131938934326172e-02,7.647897601127624512e-01,0.000000000000000000e+00,2.883518338203430176e-01,-7.746902704238891602e-01,-5.627683401107788086e-01,0.000000000000000000e+00,1.105133518576622009e-01,7.753509283065795898e-01,-6.217859387397766113e-01,0.000000000000000000e+00,4.111388325691223145e-01,6.603062748908996582e-01,6.284587979316711426e-01,0.000000000000000000e+00,5.177240967750549316e-01,8.499985337257385254e-01,-9.728470444679260254e-02,0.000000000000000000e+00
3.000000119209289551e-01,5.799999833106994629e-01,3.000000119209289551e-01,-1.234248131513595581e-01,8.272020816802978516e-01,2.087426139041781425e-03,9.895603060722351074e-01,1.031470000743865967e-01,1.006536111235618591e-01,0.000000000000000000e+00,9.983341693878173828e-01,2.894957177340984344e-02,-4.990831390023231506e-02,0.000000000000000000e+00,6.452392339706420898e-01,4.917139187455177307e-02,7.623965740203857422e-01,0.000000000000000000e+00,2.855864465236663818e-01,-7.741324305534362793e-01,-5.649418830871582031e-01,0.000000000000000000e+00,1.110945492982864380e-01,7.881885170936584473e-01,-6.053237915039062500e-01,0.000000000000000000e+00,4.161915481090545654e-01,6.516503095626831055e-01,6.341422796249389648e-01,0.000000000000000000e+00,5.212121605873107910e-01,8.474076986312866211e-01,-1.011831685900688171e-01,0.000000000000000000e+00
3.000000119209289551e-01,5.799999833106994629e-01,3.000000119209289551e-01,-1.236542314291000366e-01,8.272784948348999023e-01,1.443797955289483070e-03,9.898403882980346680e-01,1.015819683670997620e-01,9.948427975177764893e-02,0.000000000000000000e+00,9.984086751937866211e-01,2.673974633216857910e-02,-4.964929074048995972e-02,0.000000000000000000e+00,6.489781141281127930e-01,4.630110040307044983e-02,7.593968510627746582e-01,0.000000000000000000e+00,2.818160057067871094e-01,-7.725928425788879395e-01,-5.689288973808288574e-01,0.000000000000000000e+00,1.123518049716949463e-01,8.051715493202209473e-01,-5.823022127151489258e-01,0.000000000000000000e+00,4.240911602973937988e-01,6.393984556198120117e-01,6.413394808769226074e-01,0.000000000000000000e+00,5.260987281799316406e-01,8.437234163284301758e-01,-1.065404713153839111e-01,0.000000000000000000e+00
3.000000119209289551e-01,5.799999833106994629e-01,3.000000119209289551e-01,-1.238746121525764465e-01,8.273518681526184082e-01,8.255313150584697723e-04,9.901061654090881348e-01,1.000731140375137329e-01,9.836207330226898193e-02,0.000000000000000000e+00,9.984753131866455078e-01,2.463301084935665131e-02,-4.939946532249450684e-02,0.000000000000000000e+00,6.523707509040832520e-01,4.342427477240562439e-02,7.566549777984619141e-01,0.000000000000000000e+00,2.786570489406585693e-01,-7.709278464317321777e-01,-5.727307796478271484e-01,0.000000000000000000e+00,1.133435815572738647e-01,8.211025595664978027e-01,-5.594137907028198242e-01,0.000000000000000000e+00,4.322060942649841309e-01,6.268778443336486816e-01,6.482453346252441406e-01,0.000000000000000000e+00,5.308603048324584961e-01,8.400321006774902344e-01,-1.119527965784072876e-01,0.000000000000000000e+00
3.000000119209289551e-01,5.799999833106994629e-01,3.000000119209289551e-01,-1.240620836615562439e-01,8.273409008979797363e-01,3.235412295907735825e-04,9.903135299682617188e-01,9.884843975305557251e-02,9.750964492559432983e-02,0.000000000000000000e+00,9.985166192054748535e-01,2.325516007840633392e-02,-4.923126474022865295e-02,0.000000000000000000e+00,6.546177268028259277e-01,4.135445505380630493e-02,7.548280954360961914e-01,0.000000000000000000e+00,2.764100432395935059e-01,-7.692172527313232422e-01,-5.761096477508544922e-01,0.000000000000000000e+00,1.140782758593559265e-01,8.328099250793457031e-01,-5.416768193244934082e-01,0.000000000000000000e+00,4.374590218067169189e-01,6.179454922676086426e-01,6.532786488533020020e-01,0.000000000000000000e+00,5.339436531066894531e-01,8.375404477119445801e-01,-1.158887669444084167e-01,0.000000000000000000e+00
3.000000119209289551e-01,5.799999833106994629e-01,3.000000119209289551e-01,-1.243622377514839172e-01,8.273233175277709961e-01,-4.801957111340016127e-04,9.906710982322692871e-01,9.664764255285263062e-02,9.607269614934921265e-02,0.000000000000000000e+00,9.985719919204711914e-01,2.131772041320800781e-02,-4.898501932621002197e-02,0.000000000000000000e+00,6.587535738945007324e-01,3.736351802945137024e-02,7.514304518699645996e-01,0.000000000000000000e+00,2.728883922100067139e-01,-7.655409574508666992e-01,-5.826482176780700684e-01,0.000000000000000000e+00,1.152561157941818237e-01,8.517805933952331543e-01,-5.110633969306945801e-01,0.000000000000000000e+00,4.475562274456024170e-01,6.029241085052490234e-01,6.604362130165100098e-01,0.000000000000000000e+00,5.400323867797851562e-01,8.326756358146667480e-01,-1.225411146879196167e-01,0.000000000000000000e+00
3.000000119209289551e-01,5.799999833106994629e-01,3.000000119209289551e-01,-1.245352253317832947e-01,8.273132443428039551e-01,-9.434044477529823780e-04,9.908741116523742676e-01,9.537637233734130859e-02,9.524592757225036621e-02,0.000000000000000000e+00,9.986019730567932129e-01,2.020865492522716522e-02,-4.884390160441398621e-02,0.000000000000000000e+00,6.611778736114501953e-01,3.485774248838424683e-02,7.494189143180847168e-01,0.000000000000000000e+00,2.711273431777954102e-01,-7.633089423179626465e-01,-5.863867402076721191e-01,0.000000000000000000e+00,1.157806292176246643e-01,8.623652458190917969e-01,-4.928701519966125488e-01,0.000000000000000000e+00,4.535671174526214600e-01,5.942398309707641602e-01,6.641956567764282227e-01,0.000000000000000000e+00,5.436537861824035645e-01,8.297219276428222656e-01,-1.264992505311965942e-01,0.000000000000000000e+00
3.000000119209289551e-01,5.799999833106994629e-01,3.000000119209289551e-01,-1.248105987906455994e-01,8.273363113403320312e-01,-1.583941048011183739e-03,9.911557435989379883e-01,9.360046684741973877e-02,9.407053887844085693e-02,0.000000000000000000e+00,9.986379742622375488e-01,1.887596771121025085e-02,-4.864090308547019958e-02,0.000000000000000000e+00,6.640381217002868652e-01,3.164729848504066467e-02,7.470286488533020020e-01,0.000000000000000000e+00,2.686256766319274902e-01,-7.601440548896789551e-01,-5.916259884834289551e-01,0.000000000000000000e+00,1.171700283885002136e-01,8.759939670562744141e-01,-4.678736627101898193e-01,0.000000000000000000e+00,4.607660770416259766e-01,5.832734704017639160e-01,6.689444780349731445e-01,0.000000000000000000e+00,5.478347539901733398e-01,8.261674046516418457e-01,-1.316227167844772339e-01,0.000000000000000000e+00
3.000000119209289551e-01,5.799999833106994629e-01,3.000000119209289551e-01,-1.250099837779998779e-01,8.273530006408691406e-01,-2.047724789008498192e-03,9.913698434829711914e-01,9.223625063896179199e-02,9.315716475248336792e-02,0.000000000000000000e+00,9.986624717712402344e-01,1.796505786478519440e-02,-4.848181083798408508e-02,0.000000000000000000e+00,6.665847301483154297e-01,2.907577529549598694e-02,7.448620200157165527e-01,0.000000000000000000e+00,2.667525410652160645e-01,-7.576617002487182617e-01,-5.956440567970275879e-01,0.000000000000000000e+00,1.184740066528320312e-01,8.857625126838684082e-01,-4.487635195255279541e-01,0.000000000000000000e+00,4.662545025348663330e-01,5.750431418418884277e-01,6.722589731216430664e-01,0.000000000000000000e+00,5.514242649078369141e-01,8.231670260429382324e-01,-1.353783160448074341e-01,0.000000000000000000e+00
3.000000119209289551e-01,5.799999833106994629e-01,3.000000119209289551e-01,-1.252034455537796021e-01,8.273692131042480469e-01,-2.497733803465962410e-03,9.915745258331298828e-01,9.091538935899734497e-02,9.227350354194641113e-02,0.000000000000000000e+00,9.986854791641235352e-01,1.708126254379749298e-02,-4.832755029201507568e-02,0.000000000000000000e+00,6.695569753646850586e-01,2.631668001413345337e-02,7.422943711280822754e-01,0.000000000000000000e+00,2.651245892047882080e-01,-7.551898360252380371e-01,-5.994975566864013672e-01,0.000000000000000000e+00,1.195527613162994385e-01,8.949421048164367676e-01,-4.298672080039978027e-01,0.000000000000000000e+00,4.718410074710845947e-01,5.668170452117919922e-01,6.753402352333068848e-01,0.000000000000000000e+00,5.555123686790466309e-01,8.197957873344421387e-01,-1.390715539455413818e-01,0.000000000000000000e+00
3.000000119209289551e-01,5.799999833106994629e-01,3.000000119209289551e-01,-1.254101991653442383e-01,8.275975584983825684e-01,-3.000446129590272903e-03,9.918462038040161133e-01,8.918101340532302856e-02,9.103773534297943115e-02,0.000000000000000000e+00,9.987023472785949707e-01,1.614315807819366455e-02,-4.830195382237434387e-02,0.000000000000000000e+00,6.732996106147766113e-01,2.277816087007522583e-02,7.390187978744506836e-01,0.000000000000000000e+00,2.629934847354888916e-01,-7.515060305595397949e-01,-6.050397753715515137e-01,0.000000000000000000e+00,1.209550127387046814e-01,9.068122506141662598e-01,-4.038086831569671631e-01,0.000000000000000000e+00,4.786126911640167236e-01,5.561547875404357910e-01,6.794275045394897461e-01,0.000000000000000000e+00,5.609105229377746582e-01,8.153119683265686035e-01,-1.436865031719207764e-01,0.000000000000000000e+00
3.000000119209289551e-01,5.799999833106994629e-01,3.000000119209289551e-01,-1.256088018417358398e-01,8.278169035911560059e-01,-3.483349457383155823e-03,9.921115040779113770e-01,8.749079704284667969e-02,8.977802097797393799e-02,0.000000000000000000e+00,9.987090229988098145e-01,1.539253816008567810e-02,-4.840780422091484070e-02,0.000000000000000000e+00,6.772326827049255371e-01,1.967554539442062378e-02,7.355058193206787109e-01,0.000000000000000000e+00,2.610161900520324707e-01,-7.475475072860717773e-01,-6.107726693153381348e-01,0.000000000000000000e+00,1.222083419561386108e-01,9.180205464363098145e-01,-3.772312104701995850e-01,0.000000000000000000e+00,4.850859344005584717e-01,5.455030798912048340e-01,6.834602952003479004e-01,0.000000000000000000e+00,5.678852200508117676e-01,8.098025918006896973e-01,-1.473979204893112183e-01,0.000000000000000000e+00
3.000000119209289551e-01,5.799999833106994629e-01,3.000000119209289551e-01,-1.258146315813064575e-01,8.281533122062683105e-01,-3.898451104760169983e-03,9.923626184463500977e-01,8.587069064378738403e-02,8.855874836444854736e-02,0.000000000000000000e+00,9.987112283706665039e-01,1.473127119243144989e-02,-4.856764152646064758e-02,0.000000000000000000e+00,6.807636618614196777e-01,1.747171021997928619e-02,7.322947382926940918e-01,0.000000000000000000e+00,2.593015134334564209e-01,-7.435289025306701660e-01,-6.163825988769531250e-01,0.000000000000000000e+00,1.233253180980682373e-01,9.283164143562316895e-01,-3.507413566112518311e-01,0.000000000000000000e+00,4.906806647777557373e-01,5.354788303375244141e-01,6.873826384544372559e-01,0.000000000000000000e+00,5.741286873817443848e-01,8.047352433204650879e-01,-1.509218811988830566e-01,0.000000000000000000e+00
3.000000119209289551e-01,5.799999833106994629e-01,3.000000119209289551e-01,-1.259748041629791260e-01,8.284898400306701660e-01,-4.162975586950778961e-03,9.925452470779418945e-01,8.469768613576889038e-02,8.763723820447921753e-02,0.000000000000000000e+00,9.987011551856994629e-01,1.443738956004381180e-02,-4.886320605874061584e-02,0.000000000000000000e+00,6.831558942794799805e-01,1.629396341741085052e-02,7.300907373428344727e-01,0.000000000000000000e+00,2.579919695854187012e-01,-7.401885390281677246e-01,-6.209356784820556641e-01,0.000000000000000000e+00,1.244895458221435547e-01,9.357217550277709961e-01,-3.300411701202392578e-01,0.000000000000000000e+00,4.943577647209167480e-01,5.281510949134826660e-01,6.904106140136718750e-01,0.000000000000000000e+00,5.783310532569885254e-01,8.012357950210571289e-01,-1.534745395183563232e-01,0.000000000000000000e+00
3.000000119209289551e-01,5.799999833106994629e-01,3.000000119209289551e-01,-1.261809766292572021e-01,8.289230465888977051e-01,-4.503494128584861755e-03,9.927773475646972656e-01,8.319039642810821533e-02,8.644381165504455566e-02,0.000000000000000000e+00,9.986849427223205566e-01,1.410591788589954376e-02,-4.928920045495033264e-02,0.000000000000000000e+00,6.861690282821655273e-01,1.523203589022159576e-02,7.272826433181762695e-01,0.000000000000000000e+00,2.564510405063629150e-01,-7.357087731361389160e-01,-6.268695592880249023e-01,0.000000000000000000e+00,1.258438229560852051e-01,9.447793364524841309e-01,-3.025811016559600830e-01,0.000000000000000000e+00,4.989389479160308838e-01,5.183291435241699219e-01,6.945465207099914551e-01,0.000000000000000000e+00,5.852249264717102051e-01,7.956807017326354980e-01,-1.562180519104003906e-01,0.000000000000000000e+00
3.000000119209289551e-01,5.799999833106994629e-01,3.000000119209289551e-01,-1.263676732778549194e-01,8.294539451599121094e-01,-4.883083980530500412e-03,9.929996728897094727e-01,8.173382282257080078e-02,8.527153730392456055e-02,0.000000000000000000e+00,9.986665844917297363e-01,1.386879850178956985e-02,-4.972642660140991211e-02,0.000000000000000000e+00,6.888874173164367676e-01,1.476620789617300034e-02,7.247179150581359863e-01,0.000000000000000000e+00,2.550738155841827393e-01,-7.312246561050415039e-01,-6.326514482498168945e-01,0.000000000000000000e+00,1.270637810230255127e-01,9.528837203979492188e-01,-2.754404842853546143e-01,0.000000000000000000e+00,5.029081106185913086e-01,5.089068412780761719e-01,6.986395716667175293e-01,0.000000000000000000e+00,5.917198061943054199e-01,7.903602123260498047e-01,-1.587400436401367188e-01,0.000000000000000000e+00
3.000000119209289551e-01,5.799999833106994629e-01,3.000000119209289551e-01,-1.264944374561309814e-01,8.299230933189392090e-01,-5.196704063564538956e-03,9.931688904762268066e-01,8.064345270395278931e-02,8.433408290147781372e-02,0.000000000000000000e+00,9.986453056335449219e-01,1.394877117127180099e-02,-5.012993514537811279e-02,0.000000000000000000e+00,6.908027529716491699e-01,1.458596810698509216e-02,7.228961586952209473e-01,0.000000000000000000e+00,2.539122998714447021e-01,-7.276290655136108398e-01,-6.372475624084472656e-01,0.000000000000000000e+00,1.283605396747589111e-01,9.584409594535827637e-01,-2.547833323478698730e-01,0.000000000000000000e+00,5.055345892906188965e-01,5.017896890640258789e-01,7.018845081329345703e-01,0.000000000000000000e+00,5.963749289512634277e-01,7.865014672279357910e-01,-1.604755073785781860e-01,0.000000000000000000e+00
3.000000119209289551e-01,5.799999833106994629e-01,3.000000119209289551e-01,-1.266576349735260010e-01,8.305270075798034668e-01,-5.600422620773315430e-03,9.933857917785644531e-01,7.923319190740585327e-02,8.310722559690475464e-02,0.000000000000000000e+00,9.986156225204467773e-01,1.411550212651491165e-02,-5.067127570509910583e-02,0.000000000000000000e+00,6.931727528572082520e-01,1.451684627681970596e-02,7.206252813339233398e-01,0.000000000000000000e+00,2.525222599506378174e-01,-7.228448987007141113e-01,-6.432167291641235352e-01,0.000000000000000000e+00,1.298828572034835815e-01,9.650568962097167969e-01,-2.275864332914352417e-01,0.000000000000000000e+00,5.088567137718200684e-01,4.922877550125122070e-01,7.061994075775146484e-01,0.000000000000000000e+00,6.033505797386169434e-01,7.808127999305725098e-01,-1.621710956096649170e-01,0.000000000000000000e+00
3.000000119209289551e-01,5.799999833106994629e-01,3.000000119209289551e-01,-1.267675310373306274e-01,8.310199975967407227e-01,-5.989058874547481537e-03,9.935457110404968262e-01,7.818730920553207397e-02,8.218058943748474121e-02,0.000000000000000000e+00,9.985951185226440430e-01,1.427304744720458984e-02,-5.103003978729248047e-02,0.000000000000000000e+00,6.948200464248657227e-01,1.471219491213560104e-02,7.190331220626831055e-01,0.000000000000000000e+00,2.514269053936004639e-01,-7.192652821540832520e-01,-6.476433873176574707e-01,0.000000000000000000e+00,1.309436559677124023e-01,9.694347381591796875e-01,-2.074849754571914673e-01,0.000000000000000000e+00,5.108582377433776855e-01,4.854796230792999268e-01,7.094599008560180664e-01,0.000000000000000000e+00,6.080800890922546387e-01,7.769081592559814453e-01,-1.632553189992904663e-01,0.000000000000000000e+00
3.000000119209289551e-01,5.799999833106994629e-01,3.000000119209289551e-01,-1.268701106309890747e-01,8.315257430076599121e-01,-6.413592025637626648e-03,9.937140941619873047e-01,7.709773629903793335e-02,8.116812258958816528e-02,0.000000000000000000e+00,9.985783696174621582e-01,1.453083753585815430e-02,-5.128386989235877991e-02,0.000000000000000000e+00,6.964645385742187500e-01,1.498586032539606094e-02,7.174347043037414551e-01,0.000000000000000000e+00,2.499007433652877808e-01,-7.155660390853881836e-01,-6.523150205612182617e-01,0.000000000000000000e+00,1.322440505027770996e-01,9.733356237411499023e-01,-1.874280124902725220e-01,0.000000000000000000e+00,5.121412277221679688e-01,4.788267612457275391e-01,7.130472064018249512e-01,0.000000000000000000e+00,6.124020814895629883e-01,7.733387947082519531e-01,-1.640451401472091675e-01,0.000000000000000000e+00
3.000000119209289551e-01,5.799999833106994629e-01,3.000000119209289551e-01,-1.270021498203277588e-01,8.321768045425415039e-01,-6.960087455809116364e-03,9.939311742782592773e-01,7.567690312862396240e-02,7.983595877885818481e-02,0.000000000000000000e+00,9.985576272010803223e-01,1.489158254116773605e-02,-5.158453807234764099e-02,0.000000000000000000e+00,6.986848115921020508e-01,1.558221969753503799e-02,7.152599096298217773e-01,0.000000000000000000e+00,2.480172663927078247e-01,-7.106609940528869629e-01,-6.583679318428039551e-01,0.000000000000000000e+00,1.337464302778244019e-01,9.778205752372741699e-01,-1.611795723438262939e-01,0.000000000000000000e+00,5.134543776512145996e-01,4.700118005275726318e-01,7.179509401321411133e-01,0.000000000000000000e+00,6.185042262077331543e-01,7.684492468833923340e-01,-1.641286909580230713e-01,0.000000000000000000e+00
3.000000119209289551e-01,5.799999833106994629e-01,3.000000119209289551e-01,-1.271787881851196289e-01,8.328546881675720215e-01,-7.470873650163412094e-03,9.941377043724060059e-01,7.430048286914825439e-02,7.854699343442916870e-02,0.000000000000000000e+00,9.985361695289611816e-01,1.527733914554119110e-02,-5.188574269413948059e-02,0.000000000000000000e+00,7.007176876068115234e-01,1.643988676369190216e-02,7.132492661476135254e-01,0.000000000000000000e+00,2.463172674179077148e-01,-7.058801054954528809e-01,-6.641243100166320801e-01,0.000000000000000000e+00,1.350203752517700195e-01,9.815235733985900879e-01,-1.355763822793960571e-01,0.000000000000000000e+00,5.143424868583679199e-01,4.615040123462677002e-01,7.228180170059204102e-01,0.000000000000000000e+00,6.240048408508300781e-01,7.640644311904907227e-01,-1.637787073850631714e-01,0.000000000000000000e+00
3.000000119209289551e-01,5.799999833106994629e-01,3.000000119209289551e-01,-1.273972839117050171e-01,8.335573077201843262e-01,-7.947641424834728241e-03,9.943410158157348633e-01,7.291822880506515503e-02,7.725831121206283569e-02,0.000000000000000000e+00,9.985098838806152344e-01,1.581677608191967010e-02,-5.222885310649871826e-02,0.000000000000000000e+00,7.025992870330810547e-01,1.717674732208251953e-02,7.113783359527587891e-01,0.000000000000000000e+00,2.443552464246749878e-01,-7.013134360313415527e-01,-6.696640849113464355e-01,0.000000000000000000e+00,1.364805549383163452e-01,9.844605326652526855e-01,-1.105011552572250366e-01,0.000000000000000000e+00,5.144047141075134277e-01,4.529630839824676514e-01,7.281567454338073730e-01,0.000000000000000000e+00,6.289415359497070312e-01,7.602168917655944824e-01,-1.627970337867736816e-01,0.000000000000000000e+00
3.000000119209289551e-01,5.799999833106994629e-01,3.000000119209289551e-01,-1.276071667671203613e-01,8.342322111129760742e-01,-8.405621163547039032e-03,9.945336580276489258e-01,7.158464938402175903e-02,7.601597905158996582e-02,0.000000000000000000e+00,9.984834790229797363e-01,1.635792851448059082e-02,-5.256558582186698914e-02,0.000000000000000000e+00,7.043753862380981445e-01,1.801823638379573822e-02,7.095989584922790527e-01,0.000000000000000000e+00,2.426558881998062134e-01,-6.968512535095214844e-01,-6.749196052551269531e-01,0.000000000000000000e+00,1.376693844795227051e-01,9.867271184921264648e-01,-8.612033724784851074e-02,0.000000000000000000e+00,5.143110752105712891e-01,4.446577727794647217e-01,7.333236336708068848e-01,0.000000000000000000e+00,6.334596872329711914e-01,7.567245364189147949e-01,-1.615448147058486938e-01,0.000000000000000000e+00
3.000000119209289551e-01,5.799999833106994629e-01,3.000000119209289551e-01,-1.278778910636901855e-01,8.350464701652526855e-01,-8.844504132866859436e-03,9.947177171707153320e-01,7.030510902404785156e-02,7.479232549667358398e-02,0.000000000000000000e+00,9.984587430953979492e-01,1.691923290491104126e-02,-5.285720154643058777e-02,0.000000000000000000e+00,7.059764862060546875e-01,1.897236146032810211e-02,7.079811096191406250e-01,0.000000000000000000e+00,2.408993393182754517e-01,-6.922553777694702148e-01,-6.802573204040527344e-01,0.000000000000000000e+00,1.386790126562118530e-01,9.883803725242614746e-01,-6.222850829362869263e-02,0.000000000000000000e+00,5.138349533081054688e-01,4.364397823810577393e-01,7.385756373405456543e-01,0.000000000000000000e+00,6.373068094253540039e-01,7.538279891014099121e-01,-1.599482297897338867e-01,0.000000000000000000e+00
3.000000119209289551e-01,5.799999833106994629e-01,3.000000119209289551e-01,-1.280909180641174316e-01,8.356769084930419922e-01,-9.162020869553089142e-03,9.948520660400390625e-01,6.937883794307708740e-02,7.386471331119537354e-02,0.000000000000000000e+00,9.984418153762817383e-01,1.738020405173301697e-02,-5.302659422159194946e-02,0.000000000000000000e+00,7.070882916450500488e-01,1.965071819722652435e-02,7.068521976470947266e-01,0.000000000000000000e+00,2.393387705087661743e-01,-6.885649561882019043e-01,-6.845401525497436523e-01,0.000000000000000000e+00,1.394022256135940552e-01,9.892364740371704102e-01,-4.447704553604125977e-02,0.000000000000000000e+00,5.131682157516479492e-01,4.299005270004272461e-01,7.428619861602783203e-01,0.000000000000000000e+00,6.398398280143737793e-01,7.519792318344116211e-01,-1.585314869880676270e-01,0.000000000000000000e+00
3.000000119209289551e-01,5.799999833106994629e-01,3.000000119209289551e-01,-1.282976120710372925e-01,8.362885713577270508e-01,-9.470107033848762512e-03,9.949807524681091309e-01,6.848129630088806152e-02,7.296323776245117188e-02,0.000000000000000000e+00,9.984253048896789551e-01,1.783099770545959473e-02,-5.318817123770713806e-02,0.000000000000000000e+00,7.080847620964050293e-01,2.044476568698883057e-02,7.058314085006713867e-01,0.000000000000000000e+00,2.379544973373413086e-01,-6.849094033241271973e-01,-6.886775493621826172e-01,0.000000000000000000e+00,1.399947404861450195e-01,9.897806644439697266e-01,-2.712293528020381927e-02,0.000000000000000000e+00,5.126299262046813965e-01,4.231399893760681152e-01,7.471031546592712402e-01,0.000000000000000000e+00,6.420488357543945312e-01,7.503412961959838867e-01,-1.573570966720581055e-01,0.000000000000000000e+00
3.000000119209289551e-01,5.799999833106994629e-01,3.000000119209289551e-01,-1.287171691656112671e-01,8.370913267135620117e-01,-9.921944700181484222e-03,9.951478838920593262e-01,6.726592034101486206e-02,7.180500775575637817e-02,0.000000000000000000e+00,9.984092712402343750e-01,1.851337216794490814e-02,-5.325527116656303406e-02,0.000000000000000000e+00,7.093651294708251953e-01,2.150848507881164551e-02,7.045129537582397461e-01,0.000000000000000000e+00,2.360183149576187134e-01,-6.795234680175781250e-01,-6.946532726287841797e-01,0.000000000000000000e+00,1.403001397848129272e-01,9.901009798049926758e-01,-3.986979369074106216e-03,0.000000000000000000e+00,5.117998719215393066e-01,4.138206541538238525e-01,7.528700828552246094e-01,0.000000000000000000e+00,6.446438431739807129e-01,7.484319210052490234e-01,-1.558332145214080811e-01,0.000000000000000000e+00
3.000000119209289551e-01,5.799999833106994629e-01,3.000000119209289551e-01,-1.291703432798385620e-01,8.378674387931823730e-01,-1.037402637302875519e-02,9.953127503395080566e-01,6.599085032939910889e-02,7.069500535726547241e-02,0.000000000000000000e+00,9.984033107757568359e-01,1.934988610446453094e-02,-5.307001620531082153e-02,0.000000000000000000e+00,7.106903791427612305e-01,2.245818451046943665e-02,7.031463980674743652e-01,0.000000000000000000e+00,2.330912947654724121e-01,-6.725068688392639160e-01,-7.024264931678771973e-01,0.000000000000000000e+00,1.391216367483139038e-01,9.901040792465209961e-01,1.841440424323081970e-02,0.000000000000000000e+00,5.106316804885864258e-01,4.039918780326843262e-01,7.589768171310424805e-01,0.000000000000000000e+00,6.468802690505981445e-01,7.468921542167663574e-01,-1.539418697357177734e-01,0.000000000000000000e+00
3.000000119209289551e-01,5.799999833106994629e-01,3.000000119209289551e-01,-1.296056509017944336e-01,8.386129736900329590e-01,-1.080829463899135590e-02,9.954683780670166016e-01,6.476287543773651123e-02,6.963085383176803589e-02,0.000000000000000000e+00,9.983972907066345215e-01,2.016202174127101898e-02,-5.288016051054000854e-02,0.000000000000000000e+00,7.119247317314147949e-01,2.355290204286575317e-02,7.018606662750244141e-01,0.000000000000000000e+00,2.294427901506423950e-01,-6.644392609596252441e-01,-7.112499475479125977e-01,0.000000000000000000e+00,1.366268098354339600e-01,9.899051189422607422e-01,3.769570589065551758e-02,0.000000000000000000e+00,5.096689462661743164e-01,3.939225673675537109e-01,7.648938298225402832e-01,0.000000000000000000e+00,6.488347053527832031e-01,7.456100583076477051e-01,-1.519182920455932617e-01,0.000000000000000000e+00
3.000000119209289551e-01,5.799999833106994629e-01,3.000000119209289551e-01,-1.299795359373092651e-01,8.392333388328552246e-01,-1.114322524517774582e-02,9.955800771713256836e-01,6.387721002101898193e-02,6.884733587503433228e-02,0.000000000000000000e+00,9.983944892883300781e-01,2.076392248272895813e-02,-5.270022526383399963e-02,0.000000000000000000e+00,7.127943634986877441e-01,2.439493499696254730e-02,7.009487152099609375e-01,0.000000000000000000e+00,2.264076024293899536e-01,-6.577012538909912109e-01,-7.184487581253051758e-01,0.000000000000000000e+00,1.343182623386383057e-01,9.896337389945983887e-01,5.083023011684417725e-02,0.000000000000000000e+00,5.089942216873168945e-01,3.862606287002563477e-01,7.692383527755737305e-01,0.000000000000000000e+00,6.501575708389282227e-01,7.447447180747985840e-01,-1.505005210638046265e-01,0.000000000000000000e+00
3.000000119209289551e-01,5.799999833106994629e-01,3.000000119209289551e-01,-1.304992139339447021e-01,8.400846123695373535e-01,-1.158777065575122833e-02,9.957249164581298828e-01,6.274741888046264648e-02,6.778355687856674194e-02,0.000000000000000000e+00,9.983979463577270508e-01,2.159385941922664642e-02,-5.229989811778068542e-02,0.000000000000000000e+00,7.139979600906372070e-01,2.537791803479194641e-02,6.996877193450927734e-01,0.000000000000000000e+00,2.227312922477722168e-01,-6.483632922172546387e-01,-7.280218005180358887e-01,0.000000000000000000e+00,1.318231672048568726e-01,9.889637231826782227e-01,6.762667745351791382e-02,0.000000000000000000e+00,5.077896118164062500e-01,3.753543198108673096e-01,7.754088044166564941e-01,0.000000000000000000e+00,6.512711644172668457e-01,7.440793514251708984e-01,-1.489689797163009644e-01,0.000000000000000000e+00
3.000000119209289551e-01,5.799999833106994629e-01,3.000000119209289551e-01,-1.309984028339385986e-01,8.409023284912109375e-01,-1.201479882001876831e-02,9.958620071411132812e-01,6.166512519121170044e-02,6.675510853528976440e-02,0.000000000000000000e+00,9.984015226364135742e-01,2.239923179149627686e-02,-5.189049616456031799e-02,0.000000000000000000e+00,7.151002883911132812e-01,2.642954513430595398e-02,6.985220313072204590e-01,0.000000000000000000e+00,2.198993861675262451e-01,-6.393981575965881348e-01,-7.367593050003051758e-01,0.000000000000000000e+00,1.300182640552520752e-01,9.879671931266784668e-01,8.376175910234451294e-02,0.000000000000000000e+00,5.068196654319763184e-01,3.642612099647521973e-01,7.813114523887634277e-01,0.000000000000000000e+00,6.519203186035156250e-01,7.437061667442321777e-01,-1.479898691177368164e-01,0.000000000000000000e+00
3.000000119209289551e-01,5.799999833106994629e-01,3.000000119209289551e-01,-1.315059214830398560e-01,8.414793014526367188e-01,-1.229490153491497040e-02,9.959624409675598145e-01,6.083564087748527527e-02,6.601415574550628662e-02,0.000000000000000000e+00,9.984108805656433105e-01,2.301859483122825623e-02,-5.143769457936286926e-02,0.000000000000000000e+00,7.158646583557128906e-01,2.707566693425178528e-02,6.977139115333557129e-01,0.000000000000000000e+00,2.181690037250518799e-01,-6.328846216201782227e-01,-7.428723573684692383e-01,0.000000000000000000e+00,1.292085945606231689e-01,9.869546890258789062e-01,9.604959934949874878e-02,0.000000000000000000e+00,5.060079693794250488e-01,3.558935523033142090e-01,7.856816649436950684e-01,0.000000000000000000e+00,6.523713469505310059e-01,7.434696555137634277e-01,-1.471884548664093018e-01,0.000000000000000000e+00
3.000000119209289551e-01,5.799999833106994629e-01,3.000000119209289551e-01,-1.321592628955841064e-01,8.422220945358276367e-01,-1.265547238290309906e-02,9.960934519767761230e-01,5.970139428973197937e-02,6.506551802158355713e-02,0.000000000000000000e+00,9.984322786331176758e-01,2.386831305921077728e-02,-5.062867328524589539e-02,0.000000000000000000e+00,7.168188095092773438e-01,2.771545387804508209e-02,6.967084407806396484e-01,0.000000000000000000e+00,2.163192033767700195e-01,-6.245303153991699219e-01,-7.504451274871826172e-01,0.000000000000000000e+00,1.288085132837295532e-01,9.853538870811462402e-01,1.117409095168113708e-01,0.000000000000000000e+00,5.041931867599487305e-01,3.446584939956665039e-01,7.918331623077392578e-01,0.000000000000000000e+00,6.529576182365417480e-01,7.433751821517944336e-01,-1.450507044792175293e-01,0.000000000000000000e+00
3.000000119209289551e-01,5.799999833106994629e-01,3.000000119209289551e-01,-1.327868402004241943e-01,8.429355621337890625e-01,-1.300183590501546860e-02,9.962173104286193848e-01,5.860938876867294312e-02,6.415598094463348389e-02,0.000000000000000000e+00,9.984521269798278809e-01,2.468763478100299835e-02,-4.983851686120033264e-02,0.000000000000000000e+00,7.176727056503295898e-01,2.841166593134403229e-02,6.958007216453552246e-01,0.000000000000000000e+00,2.149953693151473999e-01,-6.166038513183593750e-01,-7.573484182357788086e-01,0.000000000000000000e+00,1.287891864776611328e-01,9.835281372070312500e-01,1.268295645713806152e-01,0.000000000000000000e+00,5.020244717597961426e-01,3.337613940238952637e-01,7.978563904762268066e-01,0.000000000000000000e+00,6.534647941589355469e-01,7.435100078582763672e-01,-1.420443207025527954e-01,0.000000000000000000e+00
3.000000119209289551e-01,5.799999833106994629e-01,3.000000119209289551e-01,-1.333238333463668823e-01,8.435318470001220703e-01,-1.332065556198358536e-02,9.963064789772033691e-01,5.782356858253479004e-02,6.348055601119995117e-02,0.000000000000000000e+00,9.984673857688903809e-01,2.528031542897224426e-02,-4.923187196254730225e-02,0.000000000000000000e+00,7.181606292724609375e-01,2.881724573671817780e-02,6.952804327011108398e-01,0.000000000000000000e+00,2.139524966478347778e-01,-6.109546422958374023e-01,-7.622064948081970215e-01,0.000000000000000000e+00,1.292971223592758179e-01,9.819509983062744141e-01,1.380380541086196899e-01,0.000000000000000000e+00,5.004138946533203125e-01,3.255605101585388184e-01,8.022445440292358398e-01,0.000000000000000000e+00,6.537908315658569336e-01,7.436946630477905273e-01,-1.395555585622787476e-01,0.000000000000000000e+00
3.000000119209289551e-01,5.799999833106994629e-01,3.000000119209289551e-01,-1.340151131153106689e-01,8.442994952201843262e-01,-1.373106613755226135e-02,9.964208602905273438e-01,5.681883543729782104e-02,6.258650124073028564e-02,0.000000000000000000e+00,9.984884262084960938e-01,2.604245953261852264e-02,-4.840100556612014771e-02,0.000000000000000000e+00,7.185940742492675781e-01,2.913967892527580261e-02,6.948190331459045410e-01,0.000000000000000000e+00,2.125695198774337769e-01,-6.038125157356262207e-01,-7.682607769966125488e-01,0.000000000000000000e+00,1.306551247835159302e-01,9.796642065048217773e-01,1.522737592458724976e-01,0.000000000000000000e+00,4.985044300556182861e-01,3.143377900123596191e-01,8.078892827033996582e-01,0.000000000000000000e+00,6.541911959648132324e-01,7.439471483230590820e-01,-1.362958401441574097e-01,0.000000000000000000e+00
3.000000119209289551e-01,5.799999833106994629e-01,3.000000119209289551e-01,-1.346791386604309082e-01,8.450368046760559082e-01,-1.412530615925788879e-02,9.965289235115051270e-01,5.585524067282676697e-02,6.172746047377586365e-02,0.000000000000000000e+00,9.985075592994689941e-01,2.677457407116889954e-02,-4.760007932782173157e-02,0.000000000000000000e+00,7.189639210700988770e-01,2.950022742152214050e-02,6.944210529327392578e-01,0.000000000000000000e+00,2.115679979324340820e-01,-5.970324277877807617e-01,-7.738160490989685059e-01,0.000000000000000000e+00,1.320173889398574829e-01,9.771811962127685547e-01,1.663981080055236816e-01,0.000000000000000000e+00,4.970229864120483398e-01,3.032653629779815674e-01,8.130180239677429199e-01,0.000000000000000000e+00,6.545555591583251953e-01,7.441484928131103516e-01,-1.334167271852493286e-01,0.000000000000000000e+00
3.000000119209289551e-01,5.799999833106994629e-01,3.000000119209289551e-01,-1.351519674062728882e-01,8.455877304077148438e-01,-1.443068496882915497e-02,9.966065287590026855e-01,5.515843257308006287e-02,6.109777465462684631e-02,0.000000000000000000e+00,9.985218048095703125e-01,2.729787118732929230e-02,-4.700036346912384033e-02,0.000000000000000000e+00,7.192182540893554688e-01,2.980463579297065735e-02,6.941446065902709961e-01,0.000000000000000000e+00,2.110223025083541870e-01,-5.921326875686645508e-01,-7.777200341224670410e-01,0.000000000000000000e+00,1.330231875181198120e-01,9.751707315444946289e-01,1.770506352186203003e-01,0.000000000000000000e+00,4.961656928062438965e-01,2.950508296489715576e-01,8.165565729141235352e-01,0.000000000000000000e+00,6.548092365264892578e-01,7.442685365676879883e-01,-1.314885020256042480e-01,0.000000000000000000e+00
3.000000119209289551e-01,5.799999833106994629e-01,3.000000119209289551e-01,-1.358831226825714111e-01,8.465250134468078613e-01,-1.498440932482481003e-02,9.967392086982727051e-01,5.404696986079216003e-02,5.991567298769950867e-02,0.000000000000000000e+00,9.985660910606384277e-01,2.799467183649539948e-02,-4.562970250844955444e-02,0.000000000000000000e+00,7.196643352508544922e-01,3.027628175914287567e-02,6.936616897583007812e-01,0.000000000000000000e+00,2.105646431446075439e-01,-5.834830999374389648e-01,-7.843532562255859375e-01,0.000000000000000000e+00,1.352013200521469116e-01,9.713494777679443359e-01,1.954501867294311523e-01,0.000000000000000000e+00,4.950617551803588867e-01,2.807540595531463623e-01,8.222475647926330566e-01,0.000000000000000000e+00,6.551836729049682617e-01,7.445206642150878906e-01,-1.281535923480987549e-01,0.000000000000000000e+00
3.000000119209289551e-01,5.799999833106994629e-01,3.000000119209289551e-01,-1.363044977188110352e-01,8.470651507377624512e-01,-1.530353073030710220e-02,9.968158006668090820e-01,5.340762063860893250e-02,5.921015143394470215e-02,0.000000000000000000e+00,9.985937476158142090e-01,2.837608940899372101e-02,-4.478107765316963196e-02,0.000000000000000000e+00,7.199106812477111816e-01,3.058401867747306824e-02,6.933925747871398926e-01,0.000000000000000000e+00,2.104388773441314697e-01,-5.784165859222412109e-01,-7.881305217742919922e-01,0.000000000000000000e+00,1.364618092775344849e-01,9.688736796379089355e-01,2.065478712320327759e-01,0.000000000000000000e+00,4.945778548717498779e-01,2.722810208797454834e-01,8.253822326660156250e-01,0.000000000000000000e+00,6.553905606269836426e-01,7.446506023406982422e-01,-1.263279318809509277e-01,0.000000000000000000e+00
3.000000119209289551e-01,5.799999833106994629e-01,3.000000119209289551e-01,-1.367563307285308838e-01,8.475954532623291016e-01,-1.560318935662508011e-02,9.968892335891723633e-01,5.278585478663444519e-02,5.852808430790901184e-02,0.000000000000000000e+00,9.986197948455810547e-01,2.874283120036125183e-02,-4.395791888236999512e-02,0.000000000000000000e+00,7.201343774795532227e-01,3.090092539787292480e-02,6.931461691856384277e-01,0.000000000000000000e+00,2.103828936815261841e-01,-5.735501646995544434e-01,-7.916939258575439453e-01,0.000000000000000000e+00,1.376563012599945068e-01,9.663117527961730957e-01,2.174679636955261230e-01,0.000000000000000000e+00,4.941741228103637695e-01,2.639446854591369629e-01,8.283267021179199219e-01,0.000000000000000000e+00,6.556083559989929199e-01,7.447437047958374023e-01,-1.246376186609268188e-01,0.000000000000000000e+00
3.000000119209289551e-01,5.799999833106994629e-01,3.000000119209289551e-01,-1.376194804906845093e-01,8.484645485877990723e-01,-1.605051010847091675e-02,9.970046877861022949e-01,5.175055563449859619e-02,5.747602880001068115e-02,0.000000000000000000e+00,9.986618161201477051e-01,2.925979718565940857e-02,-4.264274239540100098e-02,0.000000000000000000e+00,7.204487323760986328e-01,3.112434223294258118e-02,6.928094029426574707e-01,0.000000000000000000e+00,2.103510797023773193e-01,-5.661232471466064453e-01,-7.970300316810607910e-01,0.000000000000000000e+00,1.393452733755111694e-01,9.629572629928588867e-01,2.308596819639205933e-01,0.000000000000000000e+00,4.929998219013214111e-01,2.494350373744964600e-01,8.335066437721252441e-01,0.000000000000000000e+00,6.563633084297180176e-01,7.446308135986328125e-01,-1.212939471006393433e-01,0.000000000000000000e+00
3.000000119209289551e-01,5.799999833106994629e-01,3.000000119209289551e-01,-1.381169259548187256e-01,8.489654064178466797e-01,-1.630830951035022736e-02,9.970701932907104492e-01,5.114869028329849243e-02,5.687598511576652527e-02,0.000000000000000000e+00,9.986854195594787598e-01,2.954772114753723145e-02,-4.188530519604682922e-02,0.000000000000000000e+00,7.206134796142578125e-01,3.124261274933815002e-02,6.926327943801879883e-01,0.000000000000000000e+00,2.103846669197082520e-01,-5.619287490844726562e-01,-7.999839782714843750e-01,0.000000000000000000e+00,1.392994821071624756e-01,9.617887139320373535e-01,2.357076555490493774e-01,0.000000000000000000e+00,4.923599958419799805e-01,2.408528923988342285e-01,8.364039063453674316e-01,0.000000000000000000e+00,6.568275094032287598e-01,7.445304989814758301e-01,-1.193815618753433228e-01,0.000000000000000000e+00
3.000000119209289551e-01,5.799999833106994629e-01,3.000000119209289551e-01,-1.386477500200271606e-01,8.494635820388793945e-01,-1.652478426694869995e-02,9.971336722373962402e-01,5.055562034249305725e-02,5.628961697220802307e-02,0.000000000000000000e+00,9.987081289291381836e-01,2.979241311550140381e-02,-4.116359353065490723e-02,0.000000000000000000e+00,7.208074927330017090e-01,3.137036412954330444e-02,6.924250721931457520e-01,0.000000000000000000e+00,2.103939950466156006e-01,-5.575743913650512695e-01,-8.030225038528442383e-01,0.000000000000000000e+00,1.384571194648742676e-01,9.611813426017761230e-01,2.386629432439804077e-01,0.000000000000000000e+00,4.917461574077606201e-01,2.324046045541763306e-01,8.391506671905517578e-01,0.000000000000000000e+00,6.572550535202026367e-01,7.444482445716857910e-01,-1.175270378589630127e-01,0.000000000000000000e+00
3.000000119209289551e-01,5.799999833106994629e-01,3.000000119209289551e-01,-1.395368129014968872e-01,8.502711057662963867e-01,-1.684401743113994598e-02,9.972375631332397461e-01,4.955840855836868286e-02,5.532816052436828613e-02,0.000000000000000000e+00,9.987459778785705566e-01,3.000736236572265625e-02,-4.007511958479881287e-02,0.000000000000000000e+00,7.213107347488403320e-01,3.149724379181861877e-02,6.918950676918029785e-01,0.000000000000000000e+00,2.097531855106353760e-01,-5.487108230590820312e-01,-8.092713356018066406e-01,0.000000000000000000e+00,1.352555900812149048e-01,9.612568616867065430e-01,2.401898056268692017e-01,0.000000000000000000e+00,4.904187023639678955e-01,2.185296267271041870e-01,8.436434864997863770e-01,0.000000000000000000e+00,6.578436493873596191e-01,7.444615960121154785e-01,-1.140993386507034302e-01,0.000000000000000000e+00
3.000000119209289551e-01,5.799999833106994629e-01,3.000000119209289551e-01,-1.400898247957229614e-01,8.507555723190307617e-01,-1.696987263858318329e-02,9.972975254058837891e-01,4.897974431514739990e-02,5.475991964340209961e-02,0.000000000000000000e+00,9.987704157829284668e-01,3.009347617626190186e-02,-3.939628973603248596e-02,0.000000000000000000e+00,7.216573953628540039e-01,3.158720955252647400e-02,6.915293931961059570e-01,0.000000000000000000e+00,2.088901996612548828e-01,-5.427668094635009766e-01,-8.134919404983520508e-01,0.000000000000000000e+00,1.328241527080535889e-01,9.618418812751770020e-01,2.392027527093887329e-01,0.000000000000000000e+00,4.897532165050506592e-01,2.104228436946868896e-01,8.460874557495117188e-01,0.000000000000000000e+00,6.581532359123229980e-01,7.444820404052734375e-01,-1.121643036603927612e-01,0.000000000000000000e+00
3.000000119209289551e-01,5.799999833106994629e-01,3.000000119209289551e-01,-1.406464278697967529e-01,8.512350916862487793e-01,-1.706336252391338348e-02,9.973571896553039551e-01,4.841532185673713684e-02,5.417163670063018799e-02,0.000000000000000000e+00,9.988020658493041992e-01,3.010407276451587677e-02,-3.857747092843055725e-02,0.000000000000000000e+00,7.221560478210449219e-01,3.168340027332305908e-02,6.910041570663452148e-01,0.000000000000000000e+00,2.080011665821075439e-01,-5.360960960388183594e-01,-8.181298375129699707e-01,0.000000000000000000e+00,1.307218223810195923e-01,9.622732996940612793e-01,2.386250942945480347e-01,0.000000000000000000e+00,4.891113638877868652e-01,2.023711651563644409e-01,8.484197258949279785e-01,0.000000000000000000e+00,6.583659052848815918e-01,7.445920705795288086e-01,-1.101676449179649353e-01,0.000000000000000000e+00
3.000000119209289551e-01,5.799999833106994629e-01,3.000000119209289551e-01,-1.415376067161560059e-01,8.520027995109558105e-01,-1.721305027604103088e-02,9.974520206451416016e-01,4.751136153936386108e-02,5.321790277957916260e-02,0.000000000000000000e+00,9.988541007041931152e-01,3.009621985256671906e-02,-3.721192479133605957e-02,0.000000000000000000e+00,7.229607701301574707e-01,3.188157081604003906e-02,6.901530623435974121e-01,0.000000000000000000e+00,2.069774419069290161e-01,-5.251251459121704102e-01,-8.254719376564025879e-01,0.000000000000000000e+00,1.284676343202590942e-01,9.623310565948486328e-01,2.396142184734344482e-01,0.000000000000000000e+00,4.881410002708435059e-01,1.894768029451370239e-01,8.519489169120788574e-01,0.000000000000000000e+00,6.585393548011779785e-01,7.449133992195129395e-01,-1.069107800722122192e-01,0.000000000000000000e+00
3.000000119209289551e-01,5.799999833106994629e-01,3.000000119209289551e-01,-1.421269178390502930e-01,8.524415493011474609e-01,-1.729478687047958374e-02,9.975060224533081055e-01,4.698869213461875916e-02,5.266728624701499939e-02,0.000000000000000000e+00,9.988869428634643555e-01,3.006335347890853882e-02,-3.634612262248992920e-02,0.000000000000000000e+00,7.234252095222473145e-01,3.202506154775619507e-02,6.896595954895019531e-01,0.000000000000000000e+00,2.065209597349166870e-01,-5.187196731567382812e-01,-8.296257853507995605e-01,0.000000000000000000e+00,1.277397274971008301e-01,9.620700478553771973e-01,2.410472035408020020e-01,0.000000000000000000e+00,4.876969754695892334e-01,1.820061057806015015e-01,8.538298606872558594e-01,0.000000000000000000e+00,6.586370468139648438e-01,7.450808286666870117e-01,-1.051276475191116333e-01,0.000000000000000000e+00
3.000000119209289551e-01,5.799999833106994629e-01,3.000000119209289551e-01,-1.429349631071090698e-01,8.530039787292480469e-01,-1.739704608917236328e-02,9.975752830505371094e-01,4.630767554044723511e-02,5.195305868983268738e-02,0.000000000000000000e+00,9.989425539970397949e-01,2.990802377462387085e-02,-3.491757065057754517e-02,0.000000000000000000e+00,7.241220474243164062e-01,3.223226219415664673e-02,6.889182329177856445e-01,0.000000000000000000e+00,2.059134542942047119e-01,-5.099846720695495605e-01,-8.351737856864929199e-01,0.000000000000000000e+00,1.267599910497665405e-01,9.620190858840942383e-01,2.417667955160140991e-01,0.000000000000000000e+00,4.870915412902832031e-01,1.721898168325424194e-01,8.562082052230834961e-01,0.000000000000000000e+00,6.585899591445922852e-01,7.454535961151123047e-01,-1.027532815933227539e-01,0.000000000000000000e+00
3.000000119209289551e-01,5.799999833106994629e-01,3.000000119209289551e-01,-1.437111794948577881e-01,8.535442352294921875e-01,-1.749527640640735626e-02,9.976409673690795898e-01,4.565279185771942139e-02,5.126673728227615356e-02,0.000000000000000000e+00,9.989960789680480957e-01,2.974236384034156799e-02,-3.349939733743667603e-02,0.000000000000000000e+00,7.247635126113891602e-01,3.246404230594635010e-02,6.882324814796447754e-01,0.000000000000000000e+00,2.054909169673919678e-01,-5.015121698379516602e-01,-8.403922319412231445e-01,0.000000000000000000e+00,1.250059306621551514e-01,9.627196788787841797e-01,2.398839443922042847e-01,0.000000000000000000e+00,4.865182340145111084e-01,1.627530157566070557e-01,8.583772182464599609e-01,0.000000000000000000e+00,6.584002971649169922e-01,7.459306120872497559e-01,-1.004817113280296326e-01,0.000000000000000000e+00
3.000000119209289551e-01,5.799999833106994629e-01,3.000000119209289551e-01,-1.442864537239074707e-01,8.539755940437316895e-01,-1.759565994143486023e-02,9.976894855499267578e-01,4.518234729766845703e-02,5.073749646544456482e-02,0.000000000000000000e+00,9.990375638008117676e-01,2.952749095857143402e-02,-3.243631124496459961e-02,0.000000000000000000e+00,7.251722216606140137e-01,3.259358182549476624e-02,6.877956986427307129e-01,0.000000000000000000e+00,2.052571922540664673e-01,-4.951762259006500244e-01,-8.441978096961975098e-01,0.000000000000000000e+00,1.232956647872924805e-01,9.636549949645996094e-01,2.369963675737380981e-01,0.000000000000000000e+00,4.862119555473327637e-01,1.559052765369415283e-01,8.598206043243408203e-01,0.000000000000000000e+00,6.582629084587097168e-01,7.462645769119262695e-01,-9.888924658298492432e-02,0.000000000000000000e+00
3.000000119209289551e-01,5.799999833106994629e-01,3.000000119209289551e-01,-1.450269967317581177e-01,8.545308709144592285e-01,-1.772488094866275787e-02,9.977532029151916504e-01,4.458209127187728882e-02,5.000942200422286987e-02,0.000000000000000000e+00,9.990948438644409180e-01,2.911357209086418152e-02,-3.101535141468048096e-02,0.000000000000000000e+00,7.256283164024353027e-01,3.269997984170913696e-02,6.873094439506530762e-01,0.000000000000000000e+00,2.050329148769378662e-01,-4.866842031478881836e-01,-8.491760492324829102e-01,0.000000000000000000e+00,1.205052137374877930e-01,9.654974937438964844e-01,2.308530062437057495e-01,0.000000000000000000e+00,4.855099618434906006e-01,1.465814858675003052e-01,8.618549108505249023e-01,0.000000000000000000e+00,6.581667661666870117e-01,7.466861009597778320e-01,-9.631416201591491699e-02,0.000000000000000000e+00
3.000000119209289551e-01,5.799999833106994629e-01,3.000000119209289551e-01,-1.455632001161575317e-01,8.549329042434692383e-01,-1.781844533979892731e-02,9.977989196777343750e-01,4.414802417159080505e-02,4.948057234287261963e-02,0.000000000000000000e+00,9.991351366043090820e-01,2.880801446735858917e-02,-2.998441271483898163e-02,0.000000000000000000e+00,7.259359359741210938e-01,3.279229998588562012e-02,6.869800686836242676e-01,0.000000000000000000e+00,2.049466371536254883e-01,-4.805216491222381592e-01,-8.526991605758666992e-01,0.000000000000000000e+00,1.180106922984123230e-01,9.673270583152770996e-01,2.243922650814056396e-01,0.000000000000000000e+00,4.848320186138153076e-01,1.395692825317382812e-01,8.633992671966552734e-01,0.000000000000000000e+00,6.581432819366455078e-01,7.469786405563354492e-01,-9.418227523565292358e-02,0.000000000000000000e+00
3.000000119209289551e-01,5.799999833106994629e-01,3.000000119209289551e-01,-1.460362672805786133e-01,8.553749918937683105e-01,-1.791156083345413208e-02,9.978439807891845703e-01,4.372289776802062988e-02,4.894568026065826416e-02,0.000000000000000000e+00,9.991717934608459473e-01,2.855401858687400818e-02,-2.898930199444293976e-02,0.000000000000000000e+00,7.262016534805297852e-01,3.283286839723587036e-02,6.866972446441650391e-01,0.000000000000000000e+00,2.048831433057785034e-01,-4.744111299514770508e-01,-8.561290502548217773e-01,0.000000000000000000e+00,1.154522821307182312e-01,9.693358540534973145e-01,2.169304192066192627e-01,0.000000000000000000e+00,4.842482209205627441e-01,1.327733248472213745e-01,8.647975921630859375e-01,0.000000000000000000e+00,6.581224799156188965e-01,7.472484111785888672e-01,-9.216617047786712646e-02,0.000000000000000000e+00
3.000000119209289551e-01,5.799999833106994629e-01,3.000000119209289551e-01,-1.466144025325775146e-01,8.559780120849609375e-01,-1.803294941782951355e-02,9.979062676429748535e-01,4.315924271941184998e-02,4.816986247897148132e-02,0.000000000000000000e+00,9.992120862007141113e-01,2.839568629860877991e-02,-2.772856131196022034e-02,0.000000000000000000e+00,7.264614701271057129e-01,3.265571966767311096e-02,6.864308714866638184e-01,0.000000000000000000e+00,2.047832906246185303e-01,-4.659603536128997803e-01,-8.607814908027648926e-01,0.000000000000000000e+00,1.130133345723152161e-01,9.715168476104736328e-01,2.082857340574264526e-01,0.000000000000000000e+00,4.829731881618499756e-01,1.233306378126144409e-01,8.669062256813049316e-01,0.000000000000000000e+00,6.582171916961669922e-01,7.475287318229675293e-01,-8.916820585727691650e-02,0.000000000000000000e+00
3.000000119209289551e-01,5.799999833106994629e-01,3.000000119209289551e-01,-1.471697539091110229e-01,8.565573096275329590e-01,-1.814955472946166992e-02,9.979659318923950195e-01,4.261580109596252441e-02,4.741225764155387878e-02,0.000000000000000000e+00,9.992485046386718750e-01,2.826853096485137939e-02,-2.652064338326454163e-02,0.000000000000000000e+00,7.266860604286193848e-01,3.247308731079101562e-02,6.862018108367919922e-01,0.000000000000000000e+00,2.047686874866485596e-01,-4.577636122703552246e-01,-8.651717901229858398e-01,0.000000000000000000e+00,1.118587180972099304e-01,9.729298949241638184e-01,2.022253125905990601e-01,0.000000000000000000e+00,4.814291000366210938e-01,1.137346401810646057e-01,8.690744638442993164e-01,0.000000000000000000e+00,6.583766937255859375e-01,7.477585673332214355e-01,-8.600722998380661011e-02,0.000000000000000000e+00
3.000000119209289551e-01,5.799999833106994629e-01,3.000000119209289551e-01,-1.475718468427658081e-01,8.569766879081726074e-01,-1.823398470878601074e-02,9.980085492134094238e-01,4.222261533141136169e-02,4.686405882239341736e-02,0.000000000000000000e+00,9.992738962173461914e-01,2.817654423415660858e-02,-2.564615570008754730e-02,0.000000000000000000e+00,7.268381714820861816e-01,3.235395997762680054e-02,6.860462427139282227e-01,0.000000000000000000e+00,2.047951370477676392e-01,-4.518404603004455566e-01,-8.682736754417419434e-01,0.000000000000000000e+00,1.117220520973205566e-01,9.735654592514038086e-01,1.992198228836059570e-01,0.000000000000000000e+00,4.804214537143707275e-01,1.067848503589630127e-01,8.705126047134399414e-01,0.000000000000000000e+00,6.584792733192443848e-01,7.479226589202880859e-01,-8.376601338386535645e-02,0.000000000000000000e+00
3.000000119209289551e-01,5.799999833106994629e-01,3.000000119209289551e-01,-1.480894684791564941e-01,8.575166463851928711e-01,-1.834266819059848785e-02,9.980626702308654785e-01,4.171684756875038147e-02,4.615880548954010010e-02,0.000000000000000000e+00,9.993054866790771484e-01,2.805823460221290588e-02,-2.452057786285877228e-02,0.000000000000000000e+00,7.270231842994689941e-01,3.221999853849411011e-02,6.858565211296081543e-01,0.000000000000000000e+00,2.048596292734146118e-01,-4.442155957221984863e-01,-8.721840381622314453e-01,0.000000000000000000e+00,1.121731922030448914e-01,9.738881587982177734e-01,1.973804384469985962e-01,0.000000000000000000e+00,4.790143072605133057e-01,9.760930389165878296e-02,8.723633289337158203e-01,0.000000000000000000e+00,6.585894227027893066e-01,7.481540441513061523e-01,-8.078081905841827393e-02,0.000000000000000000e+00
3.000000119209289551e-01,5.799999833106994629e-01,3.000000119209289551e-01,-1.484642624855041504e-01,8.579075336456298828e-01,-1.842136122286319733e-02,9.981013536453247070e-01,4.135090485215187073e-02,4.564846679568290710e-02,0.000000000000000000e+00,9.993275403976440430e-01,2.797264233231544495e-02,-2.370568737387657166e-02,0.000000000000000000e+00,7.271493077278137207e-01,3.213599324226379395e-02,6.857267618179321289e-01,0.000000000000000000e+00,2.049269825220108032e-01,-4.386991560459136963e-01,-8.749560117721557617e-01,0.000000000000000000e+00,1.129168197512626648e-01,9.737887382507324219e-01,1.974467933177947998e-01,0.000000000000000000e+00,4.779618680477142334e-01,9.083313494920730591e-02,8.736714720726013184e-01,0.000000000000000000e+00,6.586554646492004395e-01,7.483313679695129395e-01,-7.856944948434829712e-02,0.000000000000000000e+00
3.000000119209289551e-01,5.799999833106994629e-01,3.000000119209289551e-01,-1.490757912397384644e-01,8.584982752799987793e-01,-1.854629069566726685e-02,9.981532692909240723e-01,4.084739461541175842e-02,4.496177658438682556e-02,0.000000000000000000e+00,9.993615746498107910e-01,2.769987843930721283e-02,-2.256379276514053345e-02,0.000000000000000000e+00,7.273810505867004395e-01,3.200003132224082947e-02,6.854872703552246094e-01,0.000000000000000000e+00,2.049924135208129883e-01,-4.301362633705139160e-01,-8.791819810867309570e-01,0.000000000000000000e+00,1.143768876791000366e-01,9.736102223396301270e-01,1.974867284297943115e-01,0.000000000000000000e+00,4.767794311046600342e-01,8.207917213439941406e-02,8.751825094223022461e-01,0.000000000000000000e+00,6.587380766868591309e-01,7.485458850860595703e-01,-7.578404992818832397e-02,0.000000000000000000e+00
3.000000119209289551e-01,5.799999833106994629e-01,3.000000119209289551e-01,-1.495185792446136475e-01,8.589259386062622070e-01,-1.863674633204936981e-02,9.981918931007385254e-01,4.046444594860076904e-02,4.444773495197296143e-02,0.000000000000000000e+00,9.993890523910522461e-01,2.740997634828090668e-02,-2.168421261012554169e-02,0.000000000000000000e+00,7.275829911231994629e-01,3.188916668295860291e-02,6.852781176567077637e-01,0.000000000000000000e+00,2.046654373407363892e-01,-4.227585196495056152e-01,-8.828291296958923340e-01,0.000000000000000000e+00,1.148804649710655212e-01,9.738909602165222168e-01,1.958032995462417603e-01,0.000000000000000000e+00,4.759792983531951904e-01,7.589289546012878418e-02,8.761757612228393555e-01,0.000000000000000000e+00,6.586777567863464355e-01,7.488057613372802734e-01,-7.371215522289276123e-02,0.000000000000000000e+00
3.000000119209289551e-01,5.799999833106994629e-01,3.000000119209289551e-01,-1.500885784626007080e-01,8.594765663146972656e-01,-1.875318773090839386e-02,9.982409477233886719e-01,3.997180610895156860e-02,4.378638416528701782e-02,0.000000000000000000e+00,9.994231462478637695e-01,2.703690528869628906e-02,-2.055206894874572754e-02,0.000000000000000000e+00,7.278264164924621582e-01,3.176045045256614685e-02,6.850255727767944336e-01,0.000000000000000000e+00,2.036264091730117798e-01,-4.125760793685913086e-01,-8.878723382949829102e-01,0.000000000000000000e+00,1.143686622381210327e-01,9.748503565788269043e-01,1.912763565778732300e-01,0.000000000000000000e+00,4.748544394969940186e-01,6.793043762445449829e-02,8.774387240409851074e-01,0.000000000000000000e+00,6.584568023681640625e-01,7.493091225624084473e-01,-7.050146907567977905e-02,0.000000000000000000e+00
3.000000119209289551e-01,5.799999833106994629e-01,3.000000119209289551e-01,-1.504940390586853027e-01,8.599309325218200684e-01,-1.882738620042800903e-02,9.982776045799255371e-01,3.961871191859245300e-02,4.326854646205902100e-02,0.000000000000000000e+00,9.994524121284484863e-01,2.665069326758384705e-02,-1.961100473999977112e-02,0.000000000000000000e+00,7.277583479881286621e-01,3.171610459685325623e-02,6.850998997688293457e-01,0.000000000000000000e+00,2.022488117218017578e-01,-4.045904874801635742e-01,-8.918530941009521484e-01,0.000000000000000000e+00,1.134065315127372742e-01,9.759839177131652832e-01,1.859956830739974976e-01,0.000000000000000000e+00,4.741085767745971680e-01,6.180203333497047424e-02,8.782947063446044922e-01,0.000000000000000000e+00,6.583230495452880859e-01,7.496688961982727051e-01,-6.787730008363723755e-02,0.000000000000000000e+00
3.000000119209289551e-01,5.799999833106994629e-01,3.000000119209289551e-01,-1.510159820318222046e-01,8.605159521102905273e-01,-1.892289891839027405e-02,9.983264207839965820e-01,3.916935622692108154e-02,4.254551231861114502e-02,0.000000000000000000e+00,9.994961619377136230e-01,2.598559483885765076e-02,-1.822404935956001282e-02,0.000000000000000000e+00,7.273457050323486328e-01,3.172433003783226013e-02,6.855375766754150391e-01,0.000000000000000000e+00,1.999122798442840576e-01,-3.935951888561248779e-01,-8.972836136817932129e-01,0.000000000000000000e+00,1.113692671060562134e-01,9.778068065643310547e-01,1.774563193321228027e-01,0.000000000000000000e+00,4.734995663166046143e-01,5.361486598849296570e-02,8.791607618331909180e-01,0.000000000000000000e+00,6.578903198242187500e-01,7.503319978713989258e-01,-6.466953456401824951e-02,0.000000000000000000e+00
3.000000119209289551e-01,5.799999833106994629e-01,3.000000119209289551e-01,-1.515173465013504028e-01,8.610778450965881348e-01,-1.901464909315109253e-02,9.983727335929870605e-01,3.873832151293754578e-02,4.184806719422340393e-02,0.000000000000000000e+00,9.995363950729370117e-01,2.533709257841110229e-02,-1.688167825341224670e-02,0.000000000000000000e+00,7.269586324691772461e-01,3.174294158816337585e-02,6.859471797943115234e-01,0.000000000000000000e+00,1.975346356630325317e-01,-3.825379610061645508e-01,-9.025767445564270020e-01,0.000000000000000000e+00,1.085284277796745300e-01,9.798581004142761230e-01,1.676295399665832520e-01,0.000000000000000000e+00,4.730114042758941650e-01,4.545991867780685425e-02,8.798827528953552246e-01,0.000000000000000000e+00,6.572884917259216309e-01,7.511036992073059082e-01,-6.176619604229927063e-02,0.000000000000000000e+00
3.000000119209289551e-01,5.799999833106994629e-01,3.000000119209289551e-01,-1.518818736076354980e-01,8.615105748176574707e-01,-1.914806105196475983e-02,9.984061717987060547e-01,3.844905272126197815e-02,4.131300002336502075e-02,0.000000000000000000e+00,9.995689392089843750e-01,2.468341402709484100e-02,-1.589630916714668274e-02,0.000000000000000000e+00,7.267621159553527832e-01,3.160892799496650696e-02,6.861615777015686035e-01,0.000000000000000000e+00,1.954470723867416382e-01,-3.745412528514862061e-01,-9.063770174980163574e-01,0.000000000000000000e+00,1.059835925698280334e-01,9.815454483032226562e-01,1.591729968786239624e-01,0.000000000000000000e+00,4.727087616920471191e-01,3.920091688632965088e-02,8.803463578224182129e-01,0.000000000000000000e+00,6.568902134895324707e-01,7.516118884086608887e-01,-5.978966131806373596e-02,0.000000000000000000e+00
3.000000119209289551e-01,5.799999833106994629e-01,3.000000119209289551e-01,-1.523510962724685669e-01,8.620675802230834961e-01,-1.931979879736900330e-02,9.984492063522338867e-01,3.810965642333030701e-02,4.058066755533218384e-02,0.000000000000000000e+00,9.996153116226196289e-01,2.357557229697704315e-02,-1.460843067616224289e-02,0.000000000000000000e+00,7.266181707382202148e-01,3.122343681752681732e-02,6.863316297531127930e-01,0.000000000000000000e+00,1.923060715198516846e-01,-3.638941943645477295e-01,-9.113722443580627441e-01,0.000000000000000000e+00,1.023248061537742615e-01,9.839610457420349121e-01,1.461172997951507568e-01,0.000000000000000000e+00,4.725319445133209229e-01,3.097521886229515076e-02,8.807690143585205078e-01,0.000000000000000000e+00,6.561653614044189453e-01,7.524235844612121582e-01,-5.749584734439849854e-02,0.000000000000000000e+00
3.000000119209289551e-01,5.799999833106994629e-01,3.000000119209289551e-01,-1.526908576488494873e-01,8.624709248542785645e-01,-1.944414712488651276e-02,9.984800219535827637e-01,3.786552697420120239e-02,4.004871845245361328e-02,0.000000000000000000e+00,9.996473789215087891e-01,2.276185899972915649e-02,-1.367512717843055725e-02,0.000000000000000000e+00,7.265244126319885254e-01,3.094032965600490570e-02,6.864437460899353027e-01,0.000000000000000000e+00,1.900260299444198608e-01,-3.556061387062072754e-01,-9.151144027709960938e-01,0.000000000000000000e+00,9.950491040945053101e-02,9.858207106590270996e-01,1.351160854101181030e-01,0.000000000000000000e+00,4.724788665771484375e-01,2.519590221345424652e-02,8.809817433357238770e-01,0.000000000000000000e+00,6.555227637290954590e-01,7.531001567840576172e-01,-5.594739690423011780e-02,0.000000000000000000e+00
3.000000119209289551e-01,5.799999833106994629e-01,3.000000119209289551e-01,-1.530435979366302490e-01,8.628556132316589355e-01,-1.957704499363899231e-02,9.993206858634948730e-01,2.945903129875659943e-02,2.214465476572513580e-02,0.000000000000000000e+00,9.996997117996215820e-01,-1.317916624248027802e-02,2.065949700772762299e-02,0.000000000000000000e+00,7.259578108787536621e-01,2.504805289208889008e-02,6.869687438011169434e-01,0.000000000000000000e+00,1.713891476392745972e-01,-5.386212095618247986e-02,-9.695993661880493164e-01,0.000000000000000000e+00,7.589772343635559082e-02,6.235289573669433594e-01,-2.554908990859985352e-01,0.000000000000000000e+00,4.701845347881317139e-01,-1.734038293361663818e-01,8.573611974716186523e-01,0.000000000000000000e+00,6.482800841331481934e-01,7.583178281784057617e-01,-8.917817845940589905e-03,0.000000000000000000e+00
3.000000119209289551e-01,5.799999833106994629e-01,3.000000119209289551e-01,-1.536083668470382690e-01,8.634715676307678223e-01,-1.978982612490653992e-02,9.993206858634948730e-01,2.945903129875659943e-02,2.214465476572513580e-02,0.000000000000000000e+00,9.996997117996215820e-01,-1.317916624248027802e-02,2.065949700772762299e-02,0.000000000000000000e+00,7.259665131568908691e-01,2.529424615204334259e-02,6.869914531707763672e-01,0.000000000000000000e+00,1.718416064977645874e-01,-5.435606092214584351e-02,-9.667102098464965820e-01,0.000000000000000000e+00,8.479584008455276489e-02,6.623606085777282715e-01,-1.421861648559570312e-01,0.000000000000000000e+00,4.697181284427642822e-01,-1.613504290580749512e-01,8.599697351455688477e-01,0.000000000000000000e+00,6.445002555847167969e-01,7.618578672409057617e-01,-8.389378897845745087e-03,0.000000000000000000e+00
3.000000119209289551e-01,5.799999833106994629e-01,3.000000119209289551e-01,-1.539338529109954834e-01,8.638265728950500488e-01,-1.991245523095130920e-02,9.993206858634948730e-01,2.945903129875659943e-02,2.214465476572513580e-02,0.000000000000000000e+00,9.996997117996215820e-01,-1.317916624248027802e-02,2.065949700772762299e-02,0.000000000000000000e+00,7.259684205055236816e-01,2.540712803602218628e-02,6.870012283325195312e-01,0.000000000000000000e+00,1.730768233537673950e-01,-6.368418037891387939e-02,-9.661883711814880371e-01,0.000000000000000000e+00,8.989860862493515015e-02,6.650777459144592285e-01,-9.357202798128128052e-02,0.000000000000000000e+00,4.699314832687377930e-01,-1.564470231533050537e-01,8.609958887100219727e-01,0.000000000000000000e+00,6.444252729415893555e-01,7.620485424995422363e-01,-9.643911384046077728e-03,0.000000000000000000e+00
3.000000119209289551e-01,5.799999833106994629e-01,3.000000119209289551e-01,-1.542980968952178955e-01,8.641772866249084473e-01,-2.003878355026245117e-02,9.993327260017395020e-01,2.758585289120674133e-02,2.393936552107334137e-02,0.000000000000000000e+00,9.997425675392150879e-01,-8.682274259626865387e-03,2.096252888441085815e-02,0.000000000000000000e+00,7.263496518135070801e-01,2.366131916642189026e-02,6.866734623908996582e-01,0.000000000000000000e+00,1.755585074424743652e-01,-5.783573165535926819e-02,-9.702187776565551758e-01,0.000000000000000000e+00,8.854894340038299561e-02,7.063665390014648438e-01,-7.003342360258102417e-02,0.000000000000000000e+00,4.696750640869140625e-01,-1.529004871845245361e-01,8.611548542976379395e-01,0.000000000000000000e+00,6.404530405998229980e-01,7.655029892921447754e-01,-8.704386651515960693e-03,0.000000000000000000e+00
3.000000119209289551e-01,5.799999833106994629e-01,3.000000119209289551e-01,-1.547986119985580444e-01,8.646327257156372070e-01,-2.020619995892047882e-02,9.993327260017395020e-01,2.758585289120674133e-02,2.393936552107334137e-02,0.000000000000000000e+00,9.997425675392150879e-01,-8.682274259626865387e-03,2.096252888441085815e-02,0.000000000000000000e+00,7.263525724411010742e-01,2.379389666020870209e-02,6.866846084594726562e-01,0.000000000000000000e+00,1.769563853740692139e-01,-6.739515811204910278e-02,-9.697555303573608398e-01,0.000000000000000000e+00,8.304438740015029907e-02,7.060956954956054688e-01,-1.198000013828277588e-01,0.000000000000000000e+00,4.692241847515106201e-01,-1.660182625055313110e-01,8.583762645721435547e-01,0.000000000000000000e+00,6.403592824935913086e-01,7.657358646392822266e-01,-1.017986889928579330e-02,0.000000000000000000e+00
3.000000119209289551e-01,5.799999833106994629e-01,3.000000119209289551e-01,-1.552794277667999268e-01,8.650702834129333496e-01,-2.036701887845993042e-02,9.993327260017395020e-01,2.758585289120674133e-02,2.393936552107334137e-02,0.000000000000000000e+00,9.997425675392150879e-01,-8.682274259626865387e-03,2.096252888441085815e-02,0.000000000000000000e+00,7.263553142547607422e-01,2.391618303954601288e-02,6.866948604583740234e-01,0.000000000000000000e+00,1.782457381486892700e-01,-7.621247321367263794e-02,-9.693282842636108398e-01,0.000000000000000000e+00,7.796716690063476562e-02,7.058458328247070312e-01,-1.657031029462814331e-01,0.000000000000000000e+00,4.688083231449127197e-01,-1.781176775693893433e-01,8.558133840560913086e-01,0.000000000000000000e+00,6.402727961540222168e-01,7.659507393836975098e-01,-1.154080592095851898e-02,0.000000000000000000e+00
3.000000119209289551e-01,5.799999833106994629e-01,3.000000119209289551e-01,-1.556770950555801392e-01,8.654243350028991699e-01,-2.041132748126983643e-02,9.993289113044738770e-01,2.596522122621536255e-02,2.583643980324268341e-02,0.000000000000000000e+00,9.998214840888977051e-01,2.163622528314590454e-03,1.877083256840705872e-02,0.000000000000000000e+00,7.281870245933532715e-01,1.595473475754261017e-02,6.850070357322692871e-01,0.000000000000000000e+00,1.829106807708740234e-01,-5.953295156359672546e-02,-9.729500412940979004e-01,0.000000000000000000e+00,7.275861501693725586e-02,7.415698170661926270e-01,-1.293970793485641479e-01,0.000000000000000000e+00,4.685625731945037842e-01,-1.807952821254730225e-01,8.554109334945678711e-01,0.000000000000000000e+00,6.385467052459716797e-01,7.675445675849914551e-01,-1.109168678522109985e-02,0.000000000000000000e+00
3.000000119209289551e-01,5.799999833106994629e-01,3.000000119209289551e-01,-1.561889946460723877e-01,8.658800721168518066e-01,-2.046836726367473602e-02,9.993289113044738770e-01,2.596522122621536255e-02,2.583643980324268341e-02,0.000000000000000000e+00,9.998214840888977051e-01,2.163622528314590454e-03,1.877083256840705872e-02,0.000000000000000000e+00,7.281903028488159180e-01,1.605789735913276672e-02,6.850154399871826172e-01,0.000000000000000000e+00,1.841615140438079834e-01,-6.607344001531600952e-02,-9.726736545562744141e-01,0.000000000000000000e+00,6.842904537916183472e-02,7.446293830871582031e-01,-1.678191572427749634e-01,0.000000000000000000e+00,4.681706428527832031e-01,-1.912218332290649414e-01,8.532961010932922363e-01,0.000000000000000000e+00,6.384705305099487305e-01,7.677313685417175293e-01,-1.226284168660640717e-02,0.000000000000000000e+00
3.000000119209289551e-01,5.799999833106994629e-01,3.000000119209289551e-01,-1.566807478666305542e-01,8.663178682327270508e-01,-2.052315883338451385e-02,9.993289113044738770e-01,2.596522122621536255e-02,2.583643980324268341e-02,0.000000000000000000e+00,9.998214840888977051e-01,2.163622528314590454e-03,1.877083256840705872e-02,0.000000000000000000e+00,7.281934022903442383e-01,1.615305058658123016e-02,6.850231885910034180e-01,0.000000000000000000e+00,1.853152513504028320e-01,-7.210618257522583008e-02,-9.724187254905700684e-01,0.000000000000000000e+00,6.443559378385543823e-02,7.474514245986938477e-01,-2.032584398984909058e-01,0.000000000000000000e+00,4.678091704845428467e-01,-2.008389532566070557e-01,8.513454794883728027e-01,0.000000000000000000e+00,6.384002566337585449e-01,7.679037451744079590e-01,-1.334307715296745300e-02,0.000000000000000000e+00
3.000000119209289551e-01,5.799999833106994629e-01,3.000000119209289551e-01,-1.570571959018707275e-01,8.666990399360656738e-01,-2.060454711318016052e-02,9.993305206298828125e-01,2.463350817561149597e-02,2.704967558383941650e-02,0.000000000000000000e+00,9.997881650924682617e-01,9.600157849490642548e-03,1.820448040962219238e-02,0.000000000000000000e+00,7.258783578872680664e-01,1.207045558840036392e-02,6.875749230384826660e-01,0.000000000000000000e+00,1.865353584289550781e-01,-5.804223939776420593e-02,-9.746333956718444824e-01,0.000000000000000000e+00,6.125255674123764038e-02,7.479947209358215332e-01,-2.265999019145965576e-01,0.000000000000000000e+00,4.666955173015594482e-01,-1.990771591663360596e-01,8.536003232002258301e-01,0.000000000000000000e+00,6.383053660392761230e-01,7.681599259376525879e-01,-1.449010148644447327e-02,0.000000000000000000e+00
3.000000119209289551e-01,5.799999833106994629e-01,3.000000119209289551e-01,-1.575417816638946533e-01,8.671897053718566895e-01,-2.070931531488895416e-02,9.993305206298828125e-01,2.463350817561149597e-02,2.704967558383941650e-02,0.000000000000000000e+00,9.997881650924682617e-01,9.600157849490642548e-03,1.820448040962219238e-02,0.000000000000000000e+00,7.258825302124023438e-01,1.211323309689760208e-02,6.875699162483215332e-01,0.000000000000000000e+00,1.881814301013946533e-01,-7.197768241167068481e-02,-9.753811955451965332e-01,0.000000000000000000e+00,5.783293396234512329e-02,8.165153861045837402e-01,-1.596495062112808228e-01,0.000000000000000000e+00,4.664153754711151123e-01,-2.062588483095169067e-01,8.521248102188110352e-01,0.000000000000000000e+00,6.360533237457275391e-01,7.702315449714660645e-01,-1.153197418898344040e-02,0.000000000000000000e+00
3.000000119209289551e-01,5.799999833106994629e-01,3.000000119209289551e-01,-1.578926593065261841e-01,8.675450086593627930e-01,-2.078517153859138489e-02,9.993305206298828125e-01,2.463350817561149597e-02,2.704967558383941650e-02,0.000000000000000000e+00,9.997881650924682617e-01,9.600157849490642548e-03,1.820448040962219238e-02,0.000000000000000000e+00,7.258834838867187500e-01,1.217192877084016800e-02,6.875761151313781738e-01,0.000000000000000000e+00,1.888514161109924316e-01,-7.476977258920669556e-02,-9.752161502838134766e-01,0.000000000000000000e+00,5.543227866291999817e-02,8.197543621063232422e-01,-1.790730357170104980e-01,0.000000000000000000e+00,4.661555886268615723e-01,-2.117812931537628174e-01,8.510907292366027832e-01,0.000000000000000000e+00,6.360058784484863281e-01,7.703351378440856934e-01,-1.215313095599412918e-02,0.000000000000000000e+00
3.000000119209289551e-01,5.799999833106994629e-01,3.000000119209289551e-01,-1.583063453435897827e-01,8.680952191352844238e-01,-2.095965482294559479e-02,9.993869066238403320e-01,2.412053942680358887e-02,2.537674270570278168e-02,0.000000000000000000e+00,9.998454451560974121e-01,7.899078540503978729e-03,1.570801064372062683e-02,0.000000000000000000e+00,7.251061797142028809e-01,9.241758845746517181e-03,6.884554028511047363e-01,0.000000000000000000e+00,1.878527849912643433e-01,-6.548607349395751953e-02,-9.768444299697875977e-01,0.000000000000000000e+00,6.401526927947998047e-02,8.093420863151550293e-01,-1.101274266839027405e-01,0.000000000000000000e+00,4.661790728569030762e-01,-1.983425617218017578e-01,8.542333245277404785e-01,0.000000000000000000e+00,6.358591318130493164e-01,7.706155776977539062e-01,-1.324585452675819397e-02,0.000000000000000000e+00
3.000000119209289551e-01,5.799999833106994629e-01,3.000000119209289551e-01,-1.587037295103073120e-01,8.686237335205078125e-01,-2.112726308405399323e-02,9.993869066238403320e-01,2.412053942680358887e-02,2.537674270570278168e-02,0.000000000000000000e+00,9.998454451560974121e-01,7.899078540503978729e-03,1.570801064372062683e-02,0.000000000000000000e+00,7.251110672950744629e-01,9.278398007154464722e-03,6.884502768516540527e-01,0.000000000000000000e+00,1.895786076784133911e-01,-7.707373052835464478e-02,-9.770979881286621094e-01,0.000000000000000000e+00,7.309726625680923462e-02,8.538458347320556641e-01,8.460678905248641968e-02,0.000000000000000000e+00,4.665920734405517578e-01,-1.871221214532852173e-01,8.562554717063903809e-01,0.000000000000000000e+00,6.335844397544860840e-01,7.725871205329895020e-01,-1.257342658936977386e-02,0.000000000000000000e+00
3.000000119209289551e-01,5.799999833106994629e-01,3.000000119209289551e-01,-1.589914560317993164e-01,8.690063953399658203e-01,-2.124862000346183777e-02,9.993869066238403320e-01,2.412053942680358887e-02,2.537674270570278168e-02,0.000000000000000000e+00,9.998454451560974121e-01,7.899078540503978729e-03,1.570801064372062683e-02,0.000000000000000000e+00,7.251114249229431152e-01,9.326408617198467255e-03,6.884561777114868164e-01,0.000000000000000000e+00,1.900319755077362061e-01,-7.862975448369979858e-02,-9.769665598869323730e-01,0.000000000000000000e+00,7.860755175352096558e-02,8.432238101959228516e-01,1.219954118132591248e-01,0.000000000000000000e+00,4.669581651687622070e-01,-1.798122674226760864e-01,8.575882315635681152e-01,0.000000000000000000e+00,6.335453987121582031e-01,7.726666927337646484e-01,-1.304982975125312805e-02,0.000000000000000000e+00
3.000000119209289551e-01,5.799999833106994629e-01,3.000000119209289551e-01,-1.591985076665878296e-01,8.694296479225158691e-01,-2.143325656652450562e-02,9.994789361953735352e-01,2.271517924964427948e-02,2.293236739933490753e-02,0.000000000000000000e+00,9.998456835746765137e-01,1.033210847526788712e-02,1.420621946454048157e-02,0.000000000000000000e+00,7.251632213592529297e-01,5.172011442482471466e-03,6.884563565254211426e-01,0.000000000000000000e+00,1.899938881397247314e-01,-6.070718914270401001e-02,-9.787632822990417480e-01,0.000000000000000000e+00,8.211602270603179932e-02,8.274682164192199707e-01,1.628475487232208252e-01,0.000000000000000000e+00,4.659844338893890381e-01,-1.778786480426788330e-01,8.597054481506347656e-01,0.000000000000000000e+00,6.343196034431457520e-01,7.710579633712768555e-01,-2.745302394032478333e-03,0.000000000000000000e+00
3.000000119209289551e-01,5.799999833106994629e-01,3.000000119209289551e-01,-1.593994200229644775e-01,8.698402643203735352e-01,-2.161240950226783752e-02,9.994789361953735352e-01,2.271517924964427948e-02,2.293236739933490753e-02,0.000000000000000000e+00,9.998456835746765137e-01,1.033210847526788712e-02,1.420621946454048157e-02,0.000000000000000000e+00,7.251579761505126953e-01,5.208662245422601700e-03,6.884662508964538574e-01,0.000000000000000000e+00,1.909235566854476929e-01,-6.700265407562255859e-02,-9.787077307701110840e-01,0.000000000000000000e+00,8.805426210165023804e-02,8.301675319671630859e-01,2.482945322990417480e-01,0.000000000000000000e+00,4.662612676620483398e-01,-1.824999004602432251e-01,8.584573268890380859e-01,0.000000000000000000e+00,6.291019320487976074e-01,7.742075920104980469e-01,3.158921143040060997e-03,0.000000000000000000e+00
3.000000119209289551e-01,5.799999833106994629e-01,3.000000119209289551e-01,-1.596076637506484985e-01,8.702303171157836914e-01,-2.179748192429542542e-02,9.995231628417968750e-01,1.890883781015872955e-02,2.441004104912281036e-02,0.000000000000000000e+00,9.997813701629638672e-01,1.700323261320590973e-02,1.217177417129278183e-02,0.000000000000000000e+00,7.237980365753173828e-01,-5.867849104106426239e-04,6.899260282516479492e-01,0.000000000000000000e+00,1.912563890218734741e-01,-6.145532429218292236e-02,-9.791151881217956543e-01,0.000000000000000000e+00,9.243485331535339355e-02,8.162066936492919922e-01,2.803478240966796875e-01,0.000000000000000000e+00,4.661521017551422119e-01,-1.826267540454864502e-01,8.592127561569213867e-01,0.000000000000000000e+00,6.302078366279602051e-01,7.728897333145141602e-01,1.043032109737396240e-02,0.000000000000000000e+00
3.000000119209289551e-01,5.799999833106994629e-01,3.000000119209289551e-01,-1.598359197378158569e-01,8.705922961235046387e-01,-2.199920266866683960e-02,9.995231628417968750e-01,1.890883781015872955e-02,2.441004104912281036e-02,0.000000000000000000e+00,9.997813701629638672e-01,1.700323261320590973e-02,1.217177417129278183e-02,0.000000000000000000e+00,7.237983942031860352e-01,-5.507429013960063457e-04,6.899306774139404297e-01,0.000000000000000000e+00,1.915778517723083496e-01,-6.213305145502090454e-02,-9.790343046188354492e-01,0.000000000000000000e+00,9.658037126064300537e-02,8.065646290779113770e-01,3.073960244655609131e-01,0.000000000000000000e+00,4.658120572566986084e-01,-1.877902597188949585e-01,8.584083318710327148e-01,0.000000000000000000e+00,6.312274336814880371e-01,7.713305354118347168e-01,1.885255426168441772e-02,0.000000000000000000e+00
3.000000119209289551e-01,5.799999833106994629e-01,3.000000119209289551e-01,-1.602013856172561646e-01,8.711718916893005371e-01,-2.232217602431774139e-02,9.995231628417968750e-01,1.890883781015872955e-02,2.441004104912281036e-02,0.000000000000000000e+00,9.997813701629638672e-01,1.700323261320590973e-02,1.217177417129278183e-02,0.000000000000000000e+00,7.237979769706726074e-01,-4.975381307303905487e-04,6.899382472038269043e-01,0.000000000000000000e+00,1.924159526824951172e-01,-6.605833768844604492e-02,-9.788401722908020020e-01,0.000000000000000000e+00,1.046759560704231262e-01,7.989964485168457031e-01,4.345390796661376953e-01,0.000000000000000000e+00,4.658481478691101074e-01,-1.948305815458297729e-01,8.569288253784179688e-01,0.000000000000000000e+00,6.298387646675109863e-01,7.710976600646972656e-01,2.655476704239845276e-02,0.000000000000000000e+00
3.000000119209289551e-01,5.799999833106994629e-01,3.000000119209289551e-01,-1.604946255683898926e-01,8.716253638267517090e-01,-2.254037372767925262e-02,9.995398521423339844e-01,1.745519973337650299e-02,2.480721473693847656e-02,0.000000000000000000e+00,9.996788501739501953e-01,2.160595916211605072e-02,1.324525475502014160e-02,0.000000000000000000e+00,7.243488430976867676e-01,1.073190942406654358e-03,6.893639564514160156e-01,0.000000000000000000e+00,1.926130801439285278e-01,-4.794476926326751709e-02,-9.799730181694030762e-01,0.000000000000000000e+00,1.084048897027969360e-01,7.815487384796142578e-01,4.637108147144317627e-01,0.000000000000000000e+00,4.637683033943176270e-01,-2.022992372512817383e-01,8.564286231994628906e-01,0.000000000000000000e+00,6.317736506462097168e-01,7.686285376548767090e-01,3.672508895397186279e-02,0.000000000000000000e+00
3.000000119209289551e-01,5.799999833106994629e-01,3.000000119209289551e-01,-1.607171446084976196e-01,8.719612956047058105e-01,-2.267712540924549103e-02,9.995398521423339844e-01,1.745519973337650299e-02,2.480721473693847656e-02,0.000000000000000000e+00,9.996788501739501953e-01,2.160595916211605072e-02,1.324525475502014160e-02,0.000000000000000000e+00,7.243480086326599121e-01,1.092673046514391899e-03,6.893661618232727051e-01,0.000000000000000000e+00,1.932577639818191528e-01,-5.146241188049316406e-02,-9.797477722167968750e-01,0.000000000000000000e+00,1.118538081645965576e-01,7.727695703506469727e-01,4.959420263767242432e-01,0.000000000000000000e+00,4.637900292873382568e-01,-2.069807350635528564e-01,8.555872440338134766e-01,0.000000000000000000e+00,6.301105022430419922e-01,7.694324851036071777e-01,4.577585682272911072e-02,0.000000000000000000e+00
3.000000119209289551e-01,5.799999833106994629e-01,3.000000119209289551e-01,-1.610734313726425171e-01,8.724991679191589355e-01,-2.289607748389244080e-02,9.995398521423339844e-01,1.745519973337650299e-02,2.480721473693847656e-02,0.000000000000000000e+00,9.996788501739501953e-01,2.160595916211605072e-02,1.324525475502014160e-02,0.000000000000000000e+00,7.243487834930419922e-01,1.137578045018017292e-03,6.893718242645263672e-01,0.000000000000000000e+00,1.935757994651794434e-01,-5.150936543941497803e-02,-9.796867370605468750e-01,0.000000000000000000e+00,1.166360229253768921e-01,7.602366209030151367e-01,5.202744603157043457e-01,0.000000000000000000e+00,4.632252156734466553e-01,-2.133052200078964233e-01,8.546762466430664062e-01,0.000000000000000000e+00,6.319302916526794434e-01,7.670752406120300293e-01,5.621844902634620667e-02,0.000000000000000000e+00
3.000000119209289551e-01,5.799999833106994629e-01,3.000000119209289551e-01,-1.612913608551025391e-01,8.728036880493164062e-01,-2.301208674907684326e-02,9.995570778846740723e-01,1.740267500281333923e-02,2.414044737815856934e-02,0.000000000000000000e+00,9.998510479927062988e-01,4.570741206407546997e-03,1.664440520107746124e-02,0.000000000000000000e+00,7.242721319198608398e-01,-4.175486974418163300e-03,6.894471645355224609e-01,0.000000000000000000e+00,1.897854357957839966e-01,-6.385664641857147217e-02,-9.796901941299438477e-01,0.000000000000000000e+00,1.134465932846069336e-01,7.493568062782287598e-01,5.298523902893066406e-01,0.000000000000000000e+00,4.610354006290435791e-01,-2.162911742925643921e-01,8.547813892364501953e-01,0.000000000000000000e+00,6.346381306648254395e-01,7.641777992248535156e-01,6.249513477087020874e-02,0.000000000000000000e+00
3.000000119209289551e-01,5.799999833106994629e-01,3.000000119209289551e-01,-1.616048365831375122e-01,8.731813430786132812e-01,-2.313482388854026794e-02,9.995570778846740723e-01,1.740267500281333923e-02,2.414044737815856934e-02,0.000000000000000000e+00,9.998510479927062988e-01,4.570741206407546997e-03,1.664440520107746124e-02,0.000000000000000000e+00,7.242702841758728027e-01,-4.163335543125867844e-03,6.894482374191284180e-01,0.000000000000000000e+00,1.890600323677062988e-01,-7.020509988069534302e-02,-9.793765544891357422e-01,0.000000000000000000e+00,1.084685102105140686e-01,7.628881931304931641e-01,5.403898358345031738e-01,0.000000000000000000e+00,4.624350070953369141e-01,-2.102146148681640625e-01,8.548691868782043457e-01,0.000000000000000000e+00,6.331701874732971191e-01,7.653048634529113770e-01,6.160915642976760864e-02,0.000000000000000000e+00
3.000000119209289551e-01,5.799999833106994629e-01,3.000000119209289551e-01,-1.619059741497039795e-01,8.735441565513610840e-01,-2.325272560119628906e-02,9.995570778846740723e-01,1.740267500281333923e-02,2.414044737815856934e-02,0.000000000000000000e+00,9.998510479927062988e-01,4.570741206407546997e-03,1.664440520107746124e-02,0.000000000000000000e+00,7.242709398269653320e-01,-4.134251270443201065e-03,6.894520521163940430e-01,0.000000000000000000e+00,1.877308487892150879e-01,-7.172942161560058594e-02,-9.795027375221252441e-01,0.000000000000000000e+00,1.024285852909088135e-01,7.799692749977111816e-01,5.125276446342468262e-01,0.000000000000000000e+00,4.618396162986755371e-01,-2.154807150363922119e-01,8.541880249977111816e-01,0.000000000000000000e+00,6.316919326782226562e-01,7.671131491661071777e-01,5.442088097333908081e-02,0.000000000000000000e+00
3.000000119209289551e-01,5.799999833106994629e-01,3.000000119209289551e-01,-1.621229201555252075e-01,8.737879395484924316e-01,-2.332143671810626984e-02,9.996346831321716309e-01,1.414779108017683029e-02,2.302856370806694031e-02,0.000000000000000000e+00,9.997941851615905762e-01,-1.225219806656241417e-03,2.025138773024082184e-02,0.000000000000000000e+00,7.252966761589050293e-01,-1.010461430996656418e-02,6.883170008659362793e-01,0.000000000000000000e+00,1.854408383369445801e-01,-5.082967504858970642e-02,-9.809890389442443848e-01,0.000000000000000000e+00,9.702339768409729004e-02,7.677633166313171387e-01,5.119247436523437500e-01,0.000000000000000000e+00,4.603263437747955322e-01,-2.120924293994903564e-01,8.565772175788879395e-01,0.000000000000000000e+00,6.313719749450683594e-01,7.676898837089538574e-01,4.967469349503517151e-02,0.000000000000000000e+00
3.000000119209289551e-01,5.799999833106994629e-01,3.000000119209289551e-01,-1.623993366956710815e-01,8.740524649620056152e-01,-2.336635440587997437e-02,9.996346831321716309e-01,1.414779108017683029e-02,2.302856370806694031e-02,0.000000000000000000e+00,9.997941851615905762e-01,-1.225219806656241417e-03,2.025138773024082184e-02,0.000000000000000000e+00,7.252979278564453125e-01,-1.008390355855226517e-02,6.883183717727661133e-01,0.000000000000000000e+00,1.846148222684860229e-01,-5.492056161165237427e-02,-9.808520674705505371e-01,0.000000000000000000e+00,9.242567420005798340e-02,7.819426059722900391e-01,4.989364743232727051e-01,0.000000000000000000e+00,4.603287279605865479e-01,-2.142725586891174316e-01,8.558764457702636719e-01,0.000000000000000000e+00,6.305360794067382812e-01,7.683137655258178711e-01,5.303907394409179688e-02,0.000000000000000000e+00
3.000000119209289551e-01,5.799999833106994629e-01,3.000000119209289551e-01,-1.627295911312103271e-01,8.743684887886047363e-01,-2.342001907527446747e-02,9.996346831321716309e-01,1.414779108017683029e-02,2.302856370806694031e-02,0.000000000000000000e+00,9.997941851615905762e-01,-1.225219806656241417e-03,2.025138773024082184e-02,0.000000000000000000e+00,7.252986431121826172e-01,-1.005557924509048462e-02,6.883221268653869629e-01,0.000000000000000000e+00,1.834591180086135864e-01,-5.857316777110099792e-02,-9.808278679847717285e-01,0.000000000000000000e+00,8.659687638282775879e-02,8.007733821868896484e-01,4.708377122879028320e-01,0.000000000000000000e+00,4.596520066261291504e-01,-2.194841355085372925e-01,8.553079962730407715e-01,0.000000000000000000e+00,6.328026056289672852e-01,7.656030654907226562e-01,6.294186413288116455e-02,0.000000000000000000e+00
3.000000119209289551e-01,5.799999833106994629e-01,3.000000119209289551e-01,-1.629199087619781494e-01,8.745506405830383301e-01,-2.345094829797744751e-02,9.996346831321716309e-01,1.414779108017683029e-02,2.302856370806694031e-02,0.000000000000000000e+00,9.997941851615905762e-01,-1.225219806656241417e-03,2.025138773024082184e-02,0.000000000000000000e+00,7.252990603446960449e-01,-1.003990881145000458e-02,6.883242130279541016e-01,0.000000000000000000e+00,1.828196942806243896e-01,-6.059404462575912476e-02,-9.808144569396972656e-01,0.000000000000000000e+00,8.337197452783584595e-02,8.111918568611145020e-01,4.552915096282958984e-01,0.000000000000000000e+00,4.592776000499725342e-01,-2.223675400018692017e-01,8.549934625625610352e-01,0.000000000000000000e+00,6.340566277503967285e-01,7.641032934188842773e-01,6.842079013586044312e-02,0.000000000000000000e+00
3.000000119209289551e-01,5.799999833106994629e-01,3.000000119209289551e-01,-1.631964147090911865e-01,8.748390674591064453e-01,-2.346547506749629974e-02,9.995945692062377930e-01,1.494188886135816574e-02,2.423698641359806061e-02,0.000000000000000000e+00,9.998385310173034668e-01,-4.705955740064382553e-03,1.734206639230251312e-02,0.000000000000000000e+00,7.226961255073547363e-01,-1.406857371330261230e-02,6.909876465797424316e-01,0.000000000000000000e+00,1.858984082937240601e-01,-9.528290480375289917e-02,-9.773861169815063477e-01,0.000000000000000000e+00,9.416654706001281738e-02,7.958493828773498535e-01,4.823203384876251221e-01,0.000000000000000000e+00,4.619989991188049316e-01,-2.225782871246337891e-01,8.535363078117370605e-01,0.000000000000000000e+00,6.350409984588623047e-01,7.642878890037536621e-01,7.213536649942398071e-02,0.000000000000000000e+00
3.000000119209289551e-01,5.799999833106994629e-01,3.000000119209289551e-01,-1.634620279073715210e-01,8.751161694526672363e-01,-2.347942814230918884e-02,9.995945692062377930e-01,1.494188886135816574e-02,2.423698641359806061e-02,0.000000000000000000e+00,9.998385310173034668e-01,-4.705955740064382553e-03,1.734206639230251312e-02,0.000000000000000000e+00,7.226963639259338379e-01,-1.405027043074369431e-02,6.909905076026916504e-01,0.000000000000000000e+00,1.864414960145950317e-01,-9.324443340301513672e-02,-9.774950146675109863e-01,0.000000000000000000e+00,9.920508414506912231e-02,7.797017097473144531e-01,5.064528584480285645e-01,0.000000000000000000e+00,4.615961611270904541e-01,-2.259679287672042847e-01,8.531676530838012695e-01,0.000000000000000000e+00,6.364153623580932617e-01,7.627007365226745605e-01,7.768350839614868164e-02,0.000000000000000000e+00
3.000000119209289551e-01,5.799999833106994629e-01,3.000000119209289551e-01,-1.636623293161392212e-01,8.753046989440917969e-01,-2.349788136780261993e-02,9.996283054351806641e-01,1.248301845043897629e-02,2.423696033656597137e-02,0.000000000000000000e+00,9.998047947883605957e-01,-1.875071786344051361e-03,1.966730132699012756e-02,0.000000000000000000e+00,7.228257060050964355e-01,-1.790971122682094574e-02,6.907690167427062988e-01,0.000000000000000000e+00,1.865562945604324341e-01,-9.717928618192672729e-02,-9.772224426269531250e-01,0.000000000000000000e+00,1.014574393630027771e-01,7.602877020835876465e-01,5.294710397720336914e-01,0.000000000000000000e+00,4.615645110607147217e-01,-2.209802120923995972e-01,8.550416827201843262e-01,0.000000000000000000e+00,6.356339454650878906e-01,7.634869217872619629e-01,7.553067803382873535e-02,0.000000000000000000e+00
3.000000119209289551e-01,5.799999833106994629e-01,3.000000119209289551e-01,-1.638606041669845581e-01,8.754816055297851562e-01,-2.351989969611167908e-02,9.996283054351806641e-01,1.248301845043897629e-02,2.423696033656597137e-02,0.000000000000000000e+00,9.998047947883605957e-01,-1.875071786344051361e-03,1.966730132699012756e-02,0.000000000000000000e+00,7.228263616561889648e-01,-1.789964362978935242e-02,6.907697319984436035e-01,0.000000000000000000e+00,1.878581345081329346e-01,-1.016780585050582886e-01,-9.762826561927795410e-01,0.000000000000000000e+00,1.056114584207534790e-01,7.507893443107604980e-01,5.381108522415161133e-01,0.000000000000000000e+00,4.612683057785034180e-01,-2.231937497854232788e-01,8.548399209976196289e-01,0.000000000000000000e+00,6.343826651573181152e-01,7.649937868118286133e-01,7.078982144594192505e-02,0.000000000000000000e+00
3.000000119209289551e-01,5.799999833106994629e-01,3.000000119209289551e-01,-1.641158610582351685e-01,8.757094144821166992e-01,-2.354824170470237732e-02,9.996283054351806641e-01,1.248301845043897629e-02,2.423696033656597137e-02,0.000000000000000000e+00,9.998047947883605957e-01,-1.875071786344051361e-03,1.966730132699012756e-02,0.000000000000000000e+00,7.228265404701232910e-01,-1.788484118878841400e-02,6.907721161842346191e-01,0.000000000000000000e+00,1.882173120975494385e-01,-9.978635609149932861e-02,-9.764353632926940918e-01,0.000000000000000000e+00,1.095776036381721497e-01,7.369605898857116699e-01,5.588051080703735352e-01,0.000000000000000000e+00,4.609453380107879639e-01,-2.258537262678146362e-01,8.545676469802856445e-01,0.000000000000000000e+00,6.327128410339355469e-01,7.669357061386108398e-01,6.401001662015914917e-02,0.000000000000000000e+00
3.000000119209289551e-01,5.799999833106994629e-01,3.000000119209289551e-01,-1.643543988466262817e-01,8.759660720825195312e-01,-2.362833544611930847e-02,9.996126890182495117e-01,1.290940959006547928e-02,2.465374395251274109e-02,0.000000000000000000e+00,9.998641014099121094e-01,1.082286238670349121e-03,1.645144447684288025e-02,0.000000000000000000e+00,7.216751575469970703e-01,-1.440639421343803406e-02,6.920571923255920410e-01,0.000000000000000000e+00,1.907878220081329346e-01,-8.266964554786682129e-02,-9.771782159805297852e-01,0.000000000000000000e+00,1.110288426280021667e-01,7.079527378082275391e-01,5.894895792007446289e-01,0.000000000000000000e+00,4.615449607372283936e-01,-2.249526232481002808e-01,8.548408150672912598e-01,0.000000000000000000e+00,6.309095621109008789e-01,7.691119909286499023e-01,5.695370212197303772e-02,0.000000000000000000e+00
3.000000119209289551e-01,5.799999833106994629e-01,3.000000119209289551e-01,-1.646313071250915527e-01,8.763189911842346191e-01,-2.378847450017929077e-02,9.996126890182495117e-01,1.290940959006547928e-02,2.465374395251274109e-02,0.000000000000000000e+00,9.998641014099121094e-01,1.082286238670349121e-03,1.645144447684288025e-02,0.000000000000000000e+00,7.216752767562866211e-01,-1.439053658396005630e-02,6.920598149299621582e-01,0.000000000000000000e+00,1.912508606910705566e-01,-8.009538054466247559e-02,-9.773617982864379883e-01,0.000000000000000000e+00,1.150792539119720459e-01,6.924667954444885254e-01,6.119393110275268555e-01,0.000000000000000000e+00,4.612177908420562744e-01,-2.277051657438278198e-01,8.545616865158081055e-01,0.000000000000000000e+00,6.291766762733459473e-01,7.711196541786193848e-01,4.989220201969146729e-02,0.000000000000000000e+00
3.000000119209289551e-01,5.799999833106994629e-01,3.000000119209289551e-01,-1.648430228233337402e-01,8.765888214111328125e-01,-2.391091734170913696e-02,9.996126890182495117e-01,1.290940959006547928e-02,2.465374395251274109e-02,0.000000000000000000e+00,9.998641014099121094e-01,1.082286238670349121e-03,1.645144447684288025e-02,0.000000000000000000e+00,7.216753363609313965e-01,-1.437895558774471283e-02,6.920616626739501953e-01,0.000000000000000000e+00,1.915890425443649292e-01,-7.821522653102874756e-02,-9.774959087371826172e-01,0.000000000000000000e+00,1.180375367403030396e-01,6.811563968658447266e-01,6.283358335494995117e-01,0.000000000000000000e+00,4.609788656234741211e-01,-2.297155261039733887e-01,8.543577790260314941e-01,0.000000000000000000e+00,6.279110312461853027e-01,7.725859880447387695e-01,4.473471641540527344e-02,0.000000000000000000e+00
3.000000119209289551e-01,5.799999833106994629e-01,3.000000119209289551e-01,-1.649488508701324463e-01,8.768748641014099121e-01,-2.407363057136535645e-02,9.996321201324462891e-01,1.419170852750539780e-02,2.311301045119762421e-02,0.000000000000000000e+00,9.998387098312377930e-01,4.280806053429841995e-03,1.744258590042591095e-02,0.000000000000000000e+00,7.231707572937011719e-01,-1.222201064229011536e-02,6.905412673950195312e-01,0.000000000000000000e+00,1.942907571792602539e-01,-7.414774596691131592e-02,-9.772451519966125488e-01,0.000000000000000000e+00,1.215497031807899475e-01,6.860146522521972656e-01,6.308366060256958008e-01,0.000000000000000000e+00,4.605262875556945801e-01,-2.263608574867248535e-01,8.557692170143127441e-01,0.000000000000000000e+00,6.294742226600646973e-01,7.708209156990051270e-01,5.046976730227470398e-02,0.000000000000000000e+00
3.000000119209289551e-01,5.799999833106994629e-01,3.000000119209289551e-01,-1.650850772857666016e-01,8.772431015968322754e-01,-2.428308874368667603e-02,9.996321201324462891e-01,1.419170852750539780e-02,2.311301045119762421e-02,0.000000000000000000e+00,9.998387098312377930e-01,4.280806053429841995e-03,1.744258590042591095e-02,0.000000000000000000e+00,7.231697440147399902e-01,-1.219709962606430054e-02,6.905486583709716797e-01,0.000000000000000000e+00,1.920374482870101929e-01,-4.069700464606285095e-02,-9.801803231239318848e-01,0.000000000000000000e+00,1.210952028632164001e-01,6.759527325630187988e-01,6.484608054161071777e-01,0.000000000000000000e+00,4.602969288825988770e-01,-2.293283641338348389e-01,8.555586338043212891e-01,0.000000000000000000e+00,6.287354230880737305e-01,7.704418897628784180e-01,4.898543283343315125e-02,0.000000000000000000e+00
3.000000119209289551e-01,5.799999833106994629e-01,3.000000119209289551e-01,-1.652159392833709717e-01,8.775968551635742188e-01,-2.448429353535175323e-02,9.996321201324462891e-01,1.419170852750539780e-02,2.311301045119762421e-02,0.000000000000000000e+00,9.998387098312377930e-01,4.280806053429841995e-03,1.744258590042591095e-02,0.000000000000000000e+00,7.231699824333190918e-01,-1.218887232244014740e-02,6.905496120452880859e-01,0.000000000000000000e+00,1.925605535507202148e-01,-4.160065948963165283e-02,-9.800612330436706543e-01,0.000000000000000000e+00,1.237449124455451965e-01,6.673234701156616211e-01,6.610401272773742676e-01,0.000000000000000000e+00,4.601047933101654053e-01,-2.308012247085571289e-01,8.554117083549499512e-01,0.000000000000000000e+00,6.305624246597290039e-01,7.684260010719299316e-01,5.624401196837425232e-02,0.000000000000000000e+00
3.000000119209289551e-01,5.799999833106994629e-01,3.000000119209289551e-01,-1.652811020612716675e-01,8.778399229049682617e-01,-2.464828640222549438e-02,9.996666908264160156e-01,1.272413600236177444e-02,2.246256172657012939e-02,0.000000000000000000e+00,9.998298287391662598e-01,7.548824418336153030e-03,1.683232560753822327e-02,0.000000000000000000e+00,7.232452630996704102e-01,-1.026705466210842133e-02,6.905063986778259277e-01,0.000000000000000000e+00,1.932956427335739136e-01,-5.439628846943378448e-03,-9.793714880943298340e-01,0.000000000000000000e+00,1.218028068542480469e-01,6.584577560424804688e-01,6.591871380805969238e-01,0.000000000000000000e+00,4.594362676143646240e-01,-2.320946455001831055e-01,8.559491038322448730e-01,0.000000000000000000e+00,6.281862854957580566e-01,7.703787088394165039e-01,4.915888980031013489e-02,0.000000000000000000e+00
3.000000119209289551e-01,5.799999833106994629e-01,3.000000119209289551e-01,-1.653649806976318359e-01,8.781528472900390625e-01,-2.485939115285873413e-02,9.996666908264160156e-01,1.272413600236177444e-02,2.246256172657012939e-02,0.000000000000000000e+00,9.998298287391662598e-01,7.548824418336153030e-03,1.683232560753822327e-02,0.000000000000000000e+00,7.232455015182495117e-01,-1.026105508208274841e-02,6.905069351196289062e-01,0.000000000000000000e+00,1.939101368188858032e-01,-7.464610505849123001e-03,-9.793457984924316406e-01,0.000000000000000000e+00,1.241948232054710388e-01,6.506237983703613281e-01,6.713606119155883789e-01,0.000000000000000000e+00,4.592747986316680908e-01,-2.332122921943664551e-01,8.558319211006164551e-01,0.000000000000000000e+00,6.266014575958251953e-01,7.721473574638366699e-01,4.232778772711753845e-02,0.000000000000000000e+00
3.000000119209289551e-01,5.799999833106994629e-01,3.000000119209289551e-01,-1.654455512762069702e-01,8.784534335136413574e-01,-2.506217919290065765e-02,9.996666908264160156e-01,1.272413600236177444e-02,2.246256172657012939e-02,0.000000000000000000e+00,9.998298287391662598e-01,7.548824418336153030e-03,1.683232560753822327e-02,0.000000000000000000e+00,7.232456207275390625e-01,-1.025552116334438324e-02,6.905074715614318848e-01,0.000000000000000000e+00,1.944769173860549927e-01,-9.332389570772647858e-03,-9.793221354484558105e-01,0.000000000000000000e+00,1.264011412858963013e-01,6.433979868888854980e-01,6.825889945030212402e-01,0.000000000000000000e+00,4.591258764266967773e-01,-2.342431843280792236e-01,8.557237982749938965e-01,0.000000000000000000e+00,6.251397728919982910e-01,7.737786769866943359e-01,3.602699562907218933e-02,0.000000000000000000e+00
3.000000119209289551e-01,5.799999833106994629e-01,3.000000119209289551e-01,-1.655366867780685425e-01,8.786289691925048828e-01,-2.518474124372005463e-02,9.996668100357055664e-01,9.781332686543464661e-03,2.388826757669448853e-02,0.000000000000000000e+00,9.999390840530395508e-01,8.472879417240619659e-03,7.075166795402765274e-03,0.000000000000000000e+00,7.228195667266845703e-01,-1.286778412759304047e-02,6.909124851226806641e-01,0.000000000000000000e+00,1.944472491741180420e-01,2.592812757939100266e-03,-9.783495664596557617e-01,0.000000000000000000e+00,1.290495097637176514e-01,6.431110501289367676e-01,6.139069795608520508e-01,0.000000000000000000e+00,4.572607874870300293e-01,-2.300125658512115479e-01,8.583352565765380859e-01,0.000000000000000000e+00,6.217525005340576172e-01,7.763935923576354980e-01,2.966996468603610992e-02,0.000000000000000000e+00
3.000000119209289551e-01,5.799999833106994629e-01,3.000000119209289551e-01,-1.656754612922668457e-01,8.788273930549621582e-01,-2.532665431499481201e-02,9.996668100357055664e-01,9.781332686543464661e-03,2.388826757669448853e-02,0.000000000000000000e+00,9.999390840530395508e-01,8.472879417240619659e-03,7.075166795402765274e-03,0.000000000000000000e+00,7.228196263313293457e-01,-1.286388002336025238e-02,6.909129023551940918e-01,0.000000000000000000e+00,1.950114071369171143e-01,4.264274321030825377e-04,-9.784091711044311523e-01,0.000000000000000000e+00,1.310502290725708008e-01,6.372224092483520508e-01,6.290413141250610352e-01,0.000000000000000000e+00,4.571641385555267334e-01,-2.307323515415191650e-01,8.582471609115600586e-01,0.000000000000000000e+00,6.203999519348144531e-01,7.778797745704650879e-01,2.397717908024787903e-02,0.000000000000000000e+00
3.000000119209289551e-01,5.799999833106994629e-01,3.000000119209289551e-01,-1.658168733119964600e-01,8.790023326873779297e-01,-2.545128762722015381e-02,9.996584653854370117e-01,8.004301227629184723e-03,2.487715706229209900e-02,0.000000000000000000e+00,9.999812841415405273e-01,6.068489979952573776e-03,7.989296573214232922e-04,0.000000000000000000e+00,7.221271395683288574e-01,-1.373664848506450653e-02,6.916201710700988770e-01,0.000000000000000000e+00,1.933824867010116577e-01,-1.977929659187793732e-02,-9.777243733406066895e-01,0.000000000000000000e+00,1.334133595228195190e-01,6.952914595603942871e-01,5.789721012115478516e-01,0.000000000000000000e+00,4.568255841732025146e-01,-2.330995649099349976e-01,8.578211665153503418e-01,0.000000000000000000e+00,6.193787455558776855e-01,7.788464426994323730e-01,1.975498534739017487e-02,0.000000000000000000e+00
3.000000119209289551e-01,5.799999833106994629e-01,3.000000119209289551e-01,-1.659765690565109253e-01,8.791242241859436035e-01,-2.553663216531276703e-02,9.996584653854370117e-01,8.004301227629184723e-03,2.487715706229209900e-02,0.000000000000000000e+00,9.999812841415405273e-01,6.068489979952573776e-03,7.989296573214232922e-04,0.000000000000000000e+00,7.221273779869079590e-01,-1.372906658798456192e-02,6.916211247444152832e-01,0.000000000000000000e+00,1.910167187452316284e-01,-1.270090136677026749e-02,-9.784677028656005859e-01,0.000000000000000000e+00,1.233926415443420410e-01,7.044482827186584473e-01,4.782005548477172852e-01,0.000000000000000000e+00,4.563216269016265869e-01,-2.355578541755676270e-01,8.577282428741455078e-01,0.000000000000000000e+00,6.214241385459899902e-01,7.779036760330200195e-01,1.907210983335971832e-02,0.000000000000000000e+00
3.000000119209289551e-01,5.799999833106994629e-01,3.000000119209289551e-01,-1.661299616098403931e-01,8.792414069175720215e-01,-2.561861462891101837e-02,9.996584653854370117e-01,8.004301227629184723e-03,2.487715706229209900e-02,0.000000000000000000e+00,9.999812841415405273e-01,6.068489979952573776e-03,7.989296573214232922e-04,0.000000000000000000e+00,7.221273779869079590e-01,-1.372635737061500549e-02,6.916213631629943848e-01,0.000000000000000000e+00,1.882383525371551514e-01,-1.339382259175181389e-03,-9.784931540489196777e-01,0.000000000000000000e+00,1.148272827267646790e-01,7.213046550750732422e-01,4.109583199024200439e-01,0.000000000000000000e+00,4.562773704528808594e-01,-2.359871715307235718e-01,8.576589226722717285e-01,0.000000000000000000e+00,6.204536557197570801e-01,7.790241837501525879e-01,1.467248704284429550e-02,0.000000000000000000e+00
3.000000119209289551e-01,5.799999833106994629e-01,3.000000119209289551e-01,-1.662837117910385132e-01,8.793535232543945312e-01,-2.567386813461780548e-02,9.996294379234313965e-01,7.152413018047809601e-03,2.626351453363895416e-02,0.000000000000000000e+00,9.999764561653137207e-01,5.667949095368385315e-03,-3.875293303281068802e-03,0.000000000000000000e+00,7.217249274253845215e-01,-1.662008278071880341e-02,6.919782161712646484e-01,0.000000000000000000e+00,1.858559399843215942e-01,2.174966037273406982e-03,-9.780791997909545898e-01,0.000000000000000000e+00,1.072961762547492981e-01,7.453014254570007324e-01,3.416386842727661133e-01,0.000000000000000000e+00,4.535320699214935303e-01,-2.344312220811843872e-01,8.595735430717468262e-01,0.000000000000000000e+00,6.200294494628906250e-01,7.795980572700500488e-01,1.084480062127113342e-02,0.000000000000000000e+00
3.000000119209289551e-01,5.799999833106994629e-01,3.000000119209289551e-01,-1.664091497659683228e-01,8.794338703155517578e-01,-2.566179260611534119e-02,9.996294379234313965e-01,7.152413018047809601e-03,2.626351453363895416e-02,0.000000000000000000e+00,9.999764561653137207e-01,5.667949095368385315e-03,-3.875293303281068802e-03,0.000000000000000000e+00,7.217245697975158691e-01,-1.662028767168521881e-02,6.919783949851989746e-01,0.000000000000000000e+00,1.863554269075393677e-01,-1.085368636995553970e-02,-9.799768924713134766e-01,0.000000000000000000e+00,1.014558747410774231e-01,7.713644504547119141e-01,3.433195352554321289e-01,0.000000000000000000e+00,4.534982442855834961e-01,-2.348147183656692505e-01,8.595159053802490234e-01,0.000000000000000000e+00,6.206880807876586914e-01,7.795075774192810059e-01,1.184720359742641449e-02,0.000000000000000000e+00
3.000000119209289551e-01,5.799999833106994629e-01,3.000000119209289551e-01,-1.665706485509872437e-01,8.795372843742370605e-01,-2.564624696969985962e-02,9.996294379234313965e-01,7.152413018047809601e-03,2.626351453363895416e-02,0.000000000000000000e+00,9.999764561653137207e-01,5.667949095368385315e-03,-3.875293303281068802e-03,0.000000000000000000e+00,7.217245697975158691e-01,-1.661803014576435089e-02,6.919786334037780762e-01,0.000000000000000000e+00,1.844274252653121948e-01,-4.043666645884513855e-03,-9.802792072296142578e-01,0.000000000000000000e+00,9.453468024730682373e-02,7.861200571060180664e-01,2.953373789787292480e-01,0.000000000000000000e+00,4.534536302089691162e-01,-2.351432740688323975e-01,8.594684004783630371e-01,0.000000000000000000e+00,6.199088096618652344e-01,7.804177999496459961e-01,8.402100764214992523e-03,0.000000000000000000e+00
3.000000119209289551e-01,5.799999833106994629e-01,3.000000119209289551e-01,-1.666875779628753662e-01,8.796122074127197266e-01,-2.563499100506305695e-02,9.996294379234313965e-01,7.152413018047809601e-03,2.626351453363895416e-02,0.000000000000000000e+00,9.999764561653137207e-01,5.667949095368385315e-03,-3.875293303281068802e-03,0.000000000000000000e+00,7.217245697975158691e-01,-1.661645062267780304e-02,6.919787526130676270e-01,0.000000000000000000e+00,1.830803006887435913e-01,7.146045682020485401e-04,-9.804904460906982422e-01,0.000000000000000000e+00,8.969873189926147461e-02,7.964300513267517090e-01,2.618114948272705078e-01,0.000000000000000000e+00,4.534224569797515869e-01,-2.353728413581848145e-01,8.594352602958679199e-01,0.000000000000000000e+00,6.193642616271972656e-01,7.810537815093994141e-01,5.994950886815786362e-03,0.000000000000000000e+00
3.000000119209289551e-01,5.799999833106994629e-01,3.000000119209289551e-01,-1.668424308300018311e-01,8.796913027763366699e-01,-2.565324306488037109e-02,9.996389746665954590e-01,5.784592125564813614e-03,2.623856998980045319e-02,0.000000000000000000e+00,9.998645782470703125e-01,1.616672053933143616e-02,3.080607391893863678e-03,0.000000000000000000e+00,7.224895358085632324e-01,-1.908604986965656281e-02,6.911164522171020508e-01,0.000000000000000000e+00,1.818123906850814819e-01,-4.612595308572053909e-03,-9.815020561218261719e-01,0.000000000000000000e+00,8.292751759290695190e-02,7.540269494056701660e-01,1.057790145277976990e-01,0.000000000000000000e+00,4.515451490879058838e-01,-2.296085208654403687e-01,8.620236515998840332e-01,0.000000000000000000e+00,6.214293837547302246e-01,7.798322439193725586e-01,7.692280225455760956e-03,0.000000000000000000e+00
3.000000119209289551e-01,5.799999833106994629e-01,3.000000119209289551e-01,-1.670274585485458374e-01,8.797857761383056641e-01,-2.567504905164241791e-02,9.996389746665954590e-01,5.784592125564813614e-03,2.623856998980045319e-02,0.000000000000000000e+00,9.998645782470703125e-01,1.616672053933143616e-02,3.080607391893863678e-03,0.000000000000000000e+00,7.224895954132080078e-01,-1.908379606902599335e-02,6.911166310310363770e-01,0.000000000000000000e+00,1.799388974905014038e-01,9.048076462931931019e-04,-9.818693995475769043e-01,0.000000000000000000e+00,7.600916922092437744e-02,7.645140290260314941e-01,4.711672291159629822e-02,0.000000000000000000e+00,4.514947235584259033e-01,-2.299102544784545898e-01,8.619859814643859863e-01,0.000000000000000000e+00,6.207164525985717773e-01,7.806972861289978027e-01,4.355997778475284576e-03,0.000000000000000000e+00
3.000000119209289551e-01,5.799999833106994629e-01,3.000000119209289551e-01,-1.670989096164703369e-01,8.798222541809082031e-01,-2.568347007036209106e-02,9.996389746665954590e-01,5.784592125564813614e-03,2.623856998980045319e-02,0.000000000000000000e+00,9.998645782470703125e-01,1.616672053933143616e-02,3.080607391893863678e-03,0.000000000000000000e+00,7.224895954132080078e-01,-1.908295601606369019e-02,6.911166906356811523e-01,0.000000000000000000e+00,1.792408972978591919e-01,2.960371086373925209e-03,-9.820061922073364258e-01,0.000000000000000000e+00,7.343167066574096680e-02,7.684210538864135742e-01,2.526149898767471313e-02,0.000000000000000000e+00,4.514759182929992676e-01,-2.300226688385009766e-01,8.619719147682189941e-01,0.000000000000000000e+00,6.204508543014526367e-01,7.810195684432983398e-01,3.113032318651676178e-03,0.000000000000000000e+00
3.000000119209289551e-01,5.799999833106994629e-01,3.000000119209289551e-01,-1.672002375125885010e-01,8.798769116401672363e-01,-2.562896907329559326e-02,9.996554255485534668e-01,5.940949544310569763e-03,2.556920237839221954e-02,0.000000000000000000e+00,9.997036457061767578e-01,2.277149073779582977e-02,8.609774522483348846e-03,0.000000000000000000e+00,7.229201197624206543e-01,-1.649040915071964264e-02,6.907331347465515137e-01,0.000000000000000000e+00,1.798572391271591187e-01,1.549398992210626602e-03,-9.820271134376525879e-01,0.000000000000000000e+00,7.883065193891525269e-02,7.582933902740478516e-01,7.007490843534469604e-02,0.000000000000000000e+00,4.531692862510681152e-01,-2.367588281631469727e-01,8.592432737350463867e-01,0.000000000000000000e+00,6.197440028190612793e-01,7.816613912582397461e-01,1.846474478952586651e-03,0.000000000000000000e+00
3.000000119209289551e-01,5.799999833106994629e-01,3.000000119209289551e-01,-1.673306971788406372e-01,8.799473047256469727e-01,-2.555881068110466003e-02,9.996554255485534668e-01,5.940949544310569763e-03,2.556920237839221954e-02,0.000000000000000000e+00,9.997036457061767578e-01,2.277149073779582977e-02,8.609774522483348846e-03,0.000000000000000000e+00,7.229204177856445312e-01,-1.648855023086071014e-02,6.907330751419067383e-01,0.000000000000000000e+00,1.793338507413864136e-01,1.436179690062999725e-02,-9.808388948440551758e-01,0.000000000000000000e+00,8.511535078287124634e-02,7.242714762687683105e-01,8.586487919092178345e-02,0.000000000000000000e+00,4.531031847000122070e-01,-2.370442450046539307e-01,8.592205643653869629e-01,0.000000000000000000e+00,6.230889558792114258e-01,7.794435024261474609e-01,6.112841423600912094e-03,0.000000000000000000e+00
3.000000119209289551e-01,5.799999833106994629e-01,3.000000119209289551e-01,-1.674560010433197021e-01,8.800149559974670410e-01,-2.549141645431518555e-02,9.996554255485534668e-01,5.940949544310569763e-03,2.556920237839221954e-02,0.000000000000000000e+00,9.997036457061767578e-01,2.277149073779582977e-02,8.609774522483348846e-03,0.000000000000000000e+00,7.229204177856445312e-01,-1.648717373609542847e-02,6.907331943511962891e-01,0.000000000000000000e+00,1.808867752552032471e-01,8.948340080678462982e-03,-9.806469082832336426e-01,0.000000000000000000e+00,9.093215316534042358e-02,7.171753048896789551e-01,1.380084007978439331e-01,0.000000000000000000e+00,4.530787169933319092e-01,-2.372353971004486084e-01,8.591916561126708984e-01,0.000000000000000000e+00,6.227282285690307617e-01,7.799206376075744629e-01,4.130745306611061096e-03,0.000000000000000000e+00
3.000000119209289551e-01,5.799999833106994629e-01,3.000000119209289551e-01,-1.675930619239807129e-01,8.800361752510070801e-01,-2.538463473320007324e-02,9.996477365493774414e-01,4.999512806534767151e-03,2.606622688472270966e-02,0.000000000000000000e+00,9.999411106109619141e-01,6.659490056335926056e-03,8.571823127567768097e-03,0.000000000000000000e+00,7.218083143234252930e-01,-1.581253670156002045e-02,6.919111013412475586e-01,0.000000000000000000e+00,1.819948107004165649e-01,1.983748050406575203e-03,-9.804207682609558105e-01,0.000000000000000000e+00,9.521553665399551392e-02,7.077388763427734375e-01,1.887289136648178101e-01,0.000000000000000000e+00,4.538643062114715576e-01,-2.388823628425598145e-01,8.583266735076904297e-01,0.000000000000000000e+00,6.249752044677734375e-01,7.770122885704040527e-01,1.585738174617290497e-02,0.000000000000000000e+00
3.000000119209289551e-01,5.799999833106994629e-01,3.000000119209289551e-01,-1.677247285842895508e-01,8.800565004348754883e-01,-2.528206259012222290e-02,9.996477365493774414e-01,4.999512806534767151e-03,2.606622688472270966e-02,0.000000000000000000e+00,9.999411106109619141e-01,6.659490056335926056e-03,8.571823127567768097e-03,0.000000000000000000e+00,7.218083739280700684e-01,-1.581020094454288483e-02,6.919113397598266602e-01,0.000000000000000000e+00,1.815924197435379028e-01,1.814661361277103424e-02,-9.780620932579040527e-01,0.000000000000000000e+00,1.006166487932205200e-01,7.659181356430053711e-01,3.799325823783874512e-01,0.000000000000000000e+00,4.538152217864990234e-01,-2.392389327287673950e-01,8.582845926284790039e-01,0.000000000000000000e+00,6.282718777656555176e-01,7.735103964805603027e-01,3.600484505295753479e-02,0.000000000000000000e+00
3.000000119209289551e-01,5.799999833106994629e-01,3.000000119209289551e-01,-1.678185611963272095e-01,8.800453543663024902e-01,-2.520950883626937866e-02,9.996483922004699707e-01,1.490291091613471508e-03,2.647465653717517853e-02,0.000000000000000000e+00,9.999654889106750488e-01,-1.981904031708836555e-03,8.069247007369995117e-03,0.000000000000000000e+00,7.221317291259765625e-01,-1.575803011655807495e-02,6.915751695632934570e-01,0.000000000000000000e+00,1.819119900465011597e-01,3.348311176523566246e-03,-9.775137901306152344e-01,0.000000000000000000e+00,1.047049388289451599e-01,7.610291838645935059e-01,3.995797038078308105e-01,0.000000000000000000e+00,4.522443711757659912e-01,-2.351497262716293335e-01,8.602552413940429688e-01,0.000000000000000000e+00,6.292342543601989746e-01,7.718909382820129395e-01,4.374866560101509094e-02,0.000000000000000000e+00
3.000000119209289551e-01,5.799999833106994629e-01,3.000000119209289551e-01,-1.679354012012481689e-01,8.799633383750915527e-01,-2.512059360742568970e-02,9.996483922004699707e-01,1.490291091613471508e-03,2.647465653717517853e-02,0.000000000000000000e+00,9.999654889106750488e-01,-1.981904031708836555e-03,8.069247007369995117e-03,0.000000000000000000e+00,7.221317291259765625e-01,-1.575643382966518402e-02,6.915753483772277832e-01,0.000000000000000000e+00,1.808098852634429932e-01,1.330818887799978256e-02,-9.751113057136535645e-01,0.000000000000000000e+00,1.095073968172073364e-01,7.408353686332702637e-01,3.897748291492462158e-01,0.000000000000000000e+00,4.521896839141845703e-01,-2.354243546724319458e-01,8.602299094200134277e-01,0.000000000000000000e+00,6.319822072982788086e-01,7.694799900054931641e-01,5.013741925358772278e-02,0.000000000000000000e+00
3.000000119209289551e-01,5.799999833106994629e-01,3.000000119209289551e-01,-1.680476516485214233e-01,8.798846006393432617e-01,-2.503518201410770416e-02,9.996483922004699707e-01,1.490291091613471508e-03,2.647465653717517853e-02,0.000000000000000000e+00,9.999654889106750488e-01,-1.981904031708836555e-03,8.069247007369995117e-03,0.000000000000000000e+00,7.221317291259765625e-01,-1.575561799108982086e-02,6.915754079818725586e-01,0.000000000000000000e+00,1.821216642856597900e-01,6.472269073128700256e-03,-9.752895236015319824e-01,0.000000000000000000e+00,1.133709028363227844e-01,7.324603796005249023e-01,4.183319807052612305e-01,0.000000000000000000e+00,4.521769285202026367e-01,-2.355262786149978638e-01,8.602133393287658691e-01,0.000000000000000000e+00,6.313320994377136230e-01,7.704315185546875000e-01,4.617517068982124329e-02,0.000000000000000000e+00
3.000000119209289551e-01,5.799999833106994629e-01,3.000000119209289551e-01,-1.681386083364486694e-01,8.798452019691467285e-01,-2.498820424079895020e-02,9.996702075004577637e-01,2.838257700204849243e-03,2.552242577075958252e-02,0.000000000000000000e+00,9.998860955238342285e-01,9.494457393884658813e-03,1.173471845686435699e-02,0.000000000000000000e+00,7.220820188522338867e-01,-1.696570962667465210e-02,6.915987730026245117e-01,0.000000000000000000e+00,1.830044835805892944e-01,-1.772034354507923126e-02,-9.739226698875427246e-01,0.000000000000000000e+00,1.176126003265380859e-01,7.368763685226440430e-01,4.341458082199096680e-01,0.000000000000000000e+00,4.528189599514007568e-01,-2.365556061267852783e-01,8.595959544181823730e-01,0.000000000000000000e+00,6.305130720138549805e-01,7.712745070457458496e-01,4.357070103287696838e-02,0.000000000000000000e+00
3.000000119209289551e-01,5.799999833106994629e-01,3.000000119209289551e-01,-1.682094633579254150e-01,8.798429965972900391e-01,-2.497744932770729065e-02,9.996702075004577637e-01,2.838257700204849243e-03,2.552242577075958252e-02,0.000000000000000000e+00,9.998860955238342285e-01,9.494457393884658813e-03,1.173471845686435699e-02,0.000000000000000000e+00,7.220820784568786621e-01,-1.696416735649108887e-02,6.915988922119140625e-01,0.000000000000000000e+00,1.827419549226760864e-01,-4.046184476464986801e-03,-9.694365859031677246e-01,0.000000000000000000e+00,1.205159202218055725e-01,6.371619105339050293e-01,3.289192914962768555e-01,0.000000000000000000e+00,4.527755379676818848e-01,-2.368763089179992676e-01,8.595539331436157227e-01,0.000000000000000000e+00,6.324043273925781250e-01,7.694175243377685547e-01,5.072664096951484680e-02,0.000000000000000000e+00
3.000000119209289551e-01,5.799999833106994629e-01,3.000000119209289551e-01,-1.682775318622589111e-01,8.798408508300781250e-01,-2.496711723506450653e-02,9.996702075004577637e-01,2.838257700204849243e-03,2.552242577075958252e-02,0.000000000000000000e+00,9.998860955238342285e-01,9.494457393884658813e-03,1.173471845686435699e-02,0.000000000000000000e+00,7.220820784568786621e-01,-1.696360111236572266e-02,6.915989518165588379e-01,0.000000000000000000e+00,1.838684082031250000e-01,-1.146689336746931076e-02,-9.698899984359741211e-01,0.000000000000000000e+00,1.235990822315216064e-01,6.381648778915405273e-01,3.610479533672332764e-01,0.000000000000000000e+00,4.527688026428222656e-01,-2.369391918182373047e-01,8.595424294471740723e-01,0.000000000000000000e+00,6.336863636970520020e-01,7.673967480659484863e-01,5.937343463301658630e-02,0.000000000000000000e+00
3.000000119209289551e-01,5.799999833106994629e-01,3.000000119209289551e-01,-1.683177649974822998e-01,8.799193501472473145e-01,-2.497564069926738739e-02,9.996599555015563965e-01,5.887074396014213562e-03,2.540229447185993195e-02,0.000000000000000000e+00,9.997660517692565918e-01,1.696753688156604767e-02,1.341577805578708649e-02,0.000000000000000000e+00,7.211164832115173340e-01,-1.609602570533752441e-02,6.926264166831970215e-01,0.000000000000000000e+00,1.838998049497604370e-01,-1.717273145914077759e-02,-9.703058004379272461e-01,0.000000000000000000e+00,1.194996461272239685e-01,6.339325308799743652e-01,3.251853883266448975e-01,0.000000000000000000e+00,4.526179432868957520e-01,-2.394859939813613892e-01,8.589152097702026367e-01,0.000000000000000000e+00,6.346557736396789551e-01,7.657819390296936035e-01,6.604748964309692383e-02,0.000000000000000000e+00
3.000000119209289551e-01,5.799999833106994629e-01,3.000000119209289551e-01,-1.683636605739593506e-01,8.800727128982543945e-01,-2.499707415699958801e-02,9.996599555015563965e-01,5.887074396014213562e-03,2.540229447185993195e-02,0.000000000000000000e+00,9.997660517692565918e-01,1.696753688156604767e-02,1.341577805578708649e-02,0.000000000000000000e+00,7.211164236068725586e-01,-1.609479263424873352e-02,6.926265954971313477e-01,0.000000000000000000e+00,1.845176517963409424e-01,-1.181790884584188461e-02,-9.670341014862060547e-01,0.000000000000000000e+00,1.169532984495162964e-01,5.837556123733520508e-01,2.691003978252410889e-01,0.000000000000000000e+00,4.526029527187347412e-01,-2.397044599056243896e-01,8.588751554489135742e-01,0.000000000000000000e+00,6.345979571342468262e-01,7.656328678131103516e-01,7.152165472507476807e-02,0.000000000000000000e+00
3.000000119209289551e-01,5.799999833106994629e-01,3.000000119209289551e-01,-1.684077531099319458e-01,8.802200555801391602e-01,-2.501766197383403778e-02,9.996599555015563965e-01,5.887074396014213562e-03,2.540229447185993195e-02,0.000000000000000000e+00,9.997660517692565918e-01,1.696753688156604767e-02,1.341577805578708649e-02,0.000000000000000000e+00,7.211164236068725586e-01,-1.609439402818679810e-02,6.926266551017761230e-01,0.000000000000000000e+00,1.854305267333984375e-01,-1.868747361004352570e-02,-9.676839113235473633e-01,0.000000000000000000e+00,1.202706620097160339e-01,5.885813832283020020e-01,3.061633110046386719e-01,0.000000000000000000e+00,4.525981247425079346e-01,-2.397443503141403198e-01,8.588677048683166504e-01,0.000000000000000000e+00,6.338689327239990234e-01,7.667768597602844238e-01,6.688836961984634399e-02,0.000000000000000000e+00
